-1.493558203724445832e+02,-4.459462437005574031e+01,1.441238357896074262e+02
-1.493620073435091058e+02,-4.458493595189877112e+01,1.441368836446282273e+02
-1.493805880341737122e+02,-4.455592859283374452e+01,1.441760477119457278e+02
-1.494113977918344744e+02,-4.450771918414979211e+01,1.442413824458959937e+02
-1.494545069126238559e+02,-4.444057813569514082e+01,1.443329803855304192e+02
-1.495097550664168295e+02,-4.435482689883809826e+01,1.444509695622119239e+02
-1.495770616868782668e+02,-4.425090301980249308e+01,1.445955128286538240e+02
-1.496561782310120918e+02,-4.412930574216152735e+01,1.447668066597534846e+02
-1.497469876332011438e+02,-4.399065749116623181e+01,1.449650795807800421e+02
-1.498492299605412938e+02,-4.383561065289631387e+01,1.451905654220223312e+02
-1.499628134652900258e+02,-4.366478833521225056e+01,1.454434067210636385e+02
-1.500874198395474934e+02,-4.347912165841549381e+01,1.457239802172588270e+02
-1.502228883420147554e+02,-4.327900074697985389e+01,1.460321786390132957e+02
-1.503688487142684664e+02,-4.306522691278679105e+01,1.463682064468260364e+02
-1.505251480221923828e+02,-4.283861544094683182e+01,1.467322034670687572e+02
-1.506913887096542624e+02,-4.259996256037879192e+01,1.471242956791649306e+02
-1.508673913218718496e+02,-4.234995854329440590e+01,1.475444527287851884e+02
-1.510529534005731875e+02,-4.208902547258990978e+01,1.479924029468720903e+02
-1.512476048975306924e+02,-4.181779271817821098e+01,1.484680409313026530e+02
-1.514511242778527844e+02,-4.153879502143803393e+01,1.489726530618276854e+02
-1.516631283070565814e+02,-4.125122973530138637e+01,1.495049415944694715e+02
-1.518834973206785151e+02,-4.095492437040147848e+01,1.500640164206943723e+02
-1.521116918353208973e+02,-4.065356000331831154e+01,1.506519927499251708e+02
-1.523475389128509505e+02,-4.034568817603698676e+01,1.512669363029370686e+02
-1.525907789867944189e+02,-4.003132732085394707e+01,1.519080252560848976e+02
-1.528408678888038708e+02,-3.971519558267785044e+01,1.525780744956861099e+02
-1.530978915560924065e+02,-3.939145747662401220e+01,1.532716298911305444e+02
-1.533609388529073954e+02,-3.906999259526399726e+01,1.539954817806368794e+02
-1.536304212065554111e+02,-3.874121766732380934e+01,1.547411756037029136e+02
-1.539053124492722588e+02,-3.841621132714040954e+01,1.555163852696885840e+02
-1.541859853831265923e+02,-3.808454795528366787e+01,1.563119592720889273e+02
-1.544714169393390932e+02,-3.775964414350009690e+01,1.571373169611443075e+02
-1.547620677650725440e+02,-3.742810216508377152e+01,1.579809527942400393e+02
-1.550568879082431408e+02,-3.710672942384333339e+01,1.588548515662723730e+02
-1.553562278111338628e+02,-3.677931502258118002e+01,1.597453134409031179e+02
-1.556592668018397490e+02,-3.645971334477935244e+01,1.606619653554816693e+02
-1.559661449602191681e+02,-3.614050684498238297e+01,1.615978731658872221e+02
-1.562763930076748693e+02,-3.582427381680204803e+01,1.625538816066824097e+02
-1.565895452866792539e+02,-3.551635268305423665e+01,1.635329418025129371e+02
-1.569057473294933232e+02,-3.520465725455087380e+01,1.645244705270337988e+02
-1.572240613074663145e+02,-3.491032309689700242e+01,1.655436275811536575e+02
-1.575448720884874092e+02,-3.461305955654374600e+01,1.665734435607849946e+02
-1.578675190260968293e+02,-3.432572508891369978e+01,1.676226318358008029e+02
-1.581917687110036184e+02,-3.404570874601567709e+01,1.686879128345258607e+02
-1.585175500733291756e+02,-3.376565476643308017e+01,1.697623167933855086e+02
-1.588441591919573170e+02,-3.350452604606500273e+01,1.708592325880082399e+02
-1.591717542610241480e+02,-3.324216974230387223e+01,1.719617827879991978e+02
-1.594998567500454669e+02,-3.299215672860331949e+01,1.730791534612333749e+02
-1.598281301608122931e+02,-3.275080750142132047e+01,1.742072202272228481e+02
-1.601565439605867880e+02,-3.251094423815271028e+01,1.753391109986763468e+02
-1.604845305260934936e+02,-3.229135988989397532e+01,1.764880361907461008e+02
-1.608404007700256102e+02,-3.205298851070283206e+01,1.777368838966811495e+02
-1.611530248127066045e+02,-3.185740478871404235e+01,1.788474145832053637e+02
-1.614630330022204703e+02,-3.167045234746943549e+01,1.799553929406603459e+02
-1.617713049896836708e+02,-3.148633670153100539e+01,1.810599839452800381e+02
-1.620737274694822645e+02,-3.132392882245167698e+01,1.821592888001855499e+02
-1.623742779136333922e+02,-3.116271309241101051e+01,1.832531178116133788e+02
-1.626704141625098998e+02,-3.101408489631776177e+01,1.843399056712014783e+02
-1.629621290840146912e+02,-3.087680974956964519e+01,1.854186396212650720e+02
-1.632512150974652343e+02,-3.074095639550107251e+01,1.864886909490081734e+02
-1.635335354571160735e+02,-3.062639066486236672e+01,1.875481512200373970e+02
-1.638127337970767599e+02,-3.051350503021604155e+01,1.885968274190181546e+02
-1.640866522392715581e+02,-3.041166981806265213e+01,1.896332839553477640e+02
-1.643553631029651285e+02,-3.032010575858598145e+01,1.906565374572681151e+02
-1.646198393842517476e+02,-3.023197674073393415e+01,1.916658763211558494e+02
-1.648774384127972326e+02,-3.016020063066675760e+01,1.926597511607328670e+02
-1.651307937784597186e+02,-3.008993512563259998e+01,1.936378252367697712e+02
-1.653774699971835105e+02,-3.003303059799651109e+01,1.945986252864641415e+02
-1.656187917481711054e+02,-2.998077387386850035e+01,1.955415807221855005e+02
-1.658538510304671831e+02,-2.993712582388062415e+01,1.964655928569627292e+02
-1.660826372528302102e+02,-2.990093178965796383e+01,1.973698014277794641e+02
-1.663052789770952984e+02,-2.987061597226900389e+01,1.982533840592192007e+02
-1.665210681287851173e+02,-2.984858225360113693e+01,1.991153659514376670e+02
-1.667305597861159754e+02,-2.983117286922148281e+01,1.999550558520255663e+02
-1.669329581113330505e+02,-2.982135554086541518e+01,2.007714974693596446e+02
-1.671286782388316396e+02,-2.981598519895646504e+01,2.015640213775566565e+02
-1.673172980155906657e+02,-2.981641712827397583e+01,2.023317874151966294e+02
-1.674987483046798502e+02,-2.982182180627086865e+01,2.030740733156946476e+02
-1.676731732516810212e+02,-2.983054251456992745e+01,2.037902178956933597e+02
-1.678399030047940812e+02,-2.984512311453977418e+01,2.044794041115471259e+02
-1.679995448598189114e+02,-2.986174319142720535e+01,2.051411165386747939e+02
-1.681515720589139562e+02,-2.988222007041568773e+01,2.057746228069497647e+02
-1.682960147478497674e+02,-2.990563551837552581e+01,2.063793365701296807e+02
-1.684329428917633322e+02,-2.993067965957426324e+01,2.069547163117062212e+02
-1.685621948281640528e+02,-2.995735381706030509e+01,2.075001928870621555e+02
-1.686836470762195574e+02,-2.998612617742781694e+01,2.080152074952245869e+02
-1.687973755773855942e+02,-3.001552528491248850e+01,2.084993134798909011e+02
-1.689033332927866127e+02,-3.004519426222385547e+01,2.089520472655749757e+02
-1.690015154526033996e+02,-3.007480444308469103e+01,2.093729753609000568e+02
-1.690918683576149704e+02,-3.010392584915329550e+01,2.097616993695226313e+02
-1.691743305442059864e+02,-3.013210335595748290e+01,2.101178536032245745e+02
-1.692489983198054233e+02,-3.015903177115354694e+01,2.104410996566047913e+02
-1.693157399793642242e+02,-3.018427957252883687e+01,2.107311348145587715e+02
-1.693746864641362606e+02,-3.020743927423286479e+01,2.109876904556590205e+02
-1.694257789624826103e+02,-3.022815573298235137e+01,2.112105271712021306e+02
-1.694689336936802135e+02,-3.024613820879104864e+01,2.113994359683082678e+02
-1.695043365846123038e+02,-3.026119312077745604e+01,2.115542397269545063e+02
-1.695318055211899093e+02,-3.027308949830682039e+01,2.116747933428280533e+02
-1.695514213650301656e+02,-3.028169395276771780e+01,2.117609838430537934e+02
-1.695632158696312217e+02,-3.028690589427586843e+01,2.118127304396426780e+02
-1.695671605175820389e+02,-3.028865359436586857e+01,2.118299846785577358e+02
