1.503370975347923206e+02,-2.171348725649105518e+02,1.441514707674328406e+02
1.503255386995340643e+02,-2.171428909572624661e+02,1.441620623256828821e+02
1.502908885945991813e+02,-2.171668556554398037e+02,1.441938952841015578e+02
1.502333268812197673e+02,-2.172066806359906934e+02,1.442471372804739929e+02
1.501531308906216395e+02,-2.172621841384272727e+02,1.443220678316577050e+02
1.500506272612832959e+02,-2.173330090828195296e+02,1.444190757921251418e+02
1.499262858786435118e+02,-2.174187908287262871e+02,1.445386562342358729e+02
1.497806969990858761e+02,-2.175191110929341960e+02,1.446814146552710838e+02
1.496143830619825792e+02,-2.176334729035077942e+02,1.448478779693934371e+02
1.494279308282580416e+02,-2.177616142476562402e+02,1.450384414034701024e+02
1.492219204996444546e+02,-2.179028118021942646e+02,1.452537295167160210e+02
1.489973306733319589e+02,-2.180564759275897018e+02,1.454946632108152755e+02
1.487549417008875139e+02,-2.182218825420123096e+02,1.457619790620033484e+02
1.484951336225641114e+02,-2.183986946023682378e+02,1.460556820317175379e+02
1.482187868534491884e+02,-2.185863360620514584e+02,1.463764201903078686e+02
1.479272040706165399e+02,-2.187838345383624414e+02,1.467254988687807895e+02
1.476214602706451160e+02,-2.189902200623801605e+02,1.471039230440273116e+02
1.473014722962020926e+02,-2.192055790654964085e+02,1.475107233295986475e+02
1.469674697371157208e+02,-2.194296161717087443e+02,1.479454617781413219e+02
1.466211082223432811e+02,-2.196612359403459607e+02,1.484097063691989717e+02
1.462650263453676587e+02,-2.198985428552239227e+02,1.489065488373759649e+02
1.458967924585879246e+02,-2.201429691975114906e+02,1.494314278690237927e+02
1.455181659210607563e+02,-2.203934518369902662e+02,1.499858638006785156e+02
1.451324534587851076e+02,-2.206476218424536739e+02,1.505738344888067957e+02
1.447362177877160150e+02,-2.209077471243059563e+02,1.511890278249980497e+02
1.443346546173572449e+02,-2.211703190121543798e+02,1.518381050338176124e+02
1.439247763966106959e+02,-2.214372301111638421e+02,1.525153960754912532e+02
1.435098447326502651e+02,-2.217064313134339102e+02,1.532244605954558381e+02
1.430892321838159944e+02,-2.219781640679057944e+02,1.539631531749312785e+02
1.426643106633861180e+02,-2.222514166190556182e+02,1.547322512523079752e+02
1.422354181472159382e+02,-2.225261390199026437e+02,1.555307686480048801e+02
1.418040598295241921e+02,-2.228012930318276688e+02,1.563595732999110623e+02
1.413689577241418363e+02,-2.230776250596236139e+02,1.572153556482848273e+02
1.409363857045514123e+02,-2.233511792118421226e+02,1.581059305422749333e+02
1.404957642916584462e+02,-2.236285860904524441e+02,1.590141290831462015e+02
1.400621837964510803e+02,-2.239003756111757752e+02,1.599607444266407867e+02
1.396205467084484724e+02,-2.241760558590124219e+02,1.609218406524149430e+02
1.391880961690676770e+02,-2.244448346026125023e+02,1.619213232776110374e+02
1.387511868470569993e+02,-2.247151723858532364e+02,1.629374440538605313e+02
1.383186888955230813e+02,-2.249816880611220142e+02,1.639815714711136820e+02
1.378890608812186258e+02,-2.252452148720890932e+02,1.650498464643636680e+02
1.374581037229322362e+02,-2.255085125691177552e+02,1.661342975181343604e+02
1.370377147706720393e+02,-2.257642218684023590e+02,1.672507616354810409e+02
1.366137858723573970e+02,-2.260209740915847760e+02,1.683767922339041547e+02
1.362008949695310491e+02,-2.262700564029192094e+02,1.695319554754429134e+02
1.357895328360382621e+02,-2.265170876077222033e+02,1.707006629131060151e+02
1.353821559697142334e+02,-2.267608245788958357e+02,1.718846118640176428e+02
1.349844461576964250e+02,-2.269978219464554456e+02,1.730903731838652391e+02
1.345853207368687663e+02,-2.272346802334521385e+02,1.743000104386900375e+02
1.342019247279224601e+02,-2.274613044504900756e+02,1.755366972322231049e+02
1.338195050653248757e+02,-2.276865187119001348e+02,1.767771100099074317e+02
1.334258130250085514e+02,-2.279174734874536910e+02,1.781027442792348552e+02
1.330857199286679133e+02,-2.281161687309355557e+02,1.792850310766687301e+02
1.327490525341984835e+02,-2.283122349039823860e+02,1.804648702886946410e+02
1.324350629080119006e+02,-2.284945521602042220e+02,1.816403941592855062e+02
1.321232061839468770e+02,-2.286750771931421866e+02,1.828112194783577706e+02
1.318263673121229544e+02,-2.288462861785334042e+02,1.839757218693391110e+02
1.315419015926656243e+02,-2.290099439213797154e+02,1.851328651660524542e+02
1.312613150223716616e+02,-2.291708527648051756e+02,1.862818319937046567e+02
1.310040352394521506e+02,-2.293180068823320710e+02,1.874207798796853410e+02
1.307501707258946624e+02,-2.294628648115279361e+02,1.885493333360395809e+02
1.305119686557423506e+02,-2.295984276271163367e+02,1.896659337510719752e+02
1.302855429514098375e+02,-2.297269505724943883e+02,1.907696325447090260e+02
1.300663306984122300e+02,-2.298511806534591244e+02,1.918595202243704421e+02
1.298665298257740801e+02,-2.299641201883925703e+02,1.929340764302986599e+02
1.296703211822882906e+02,-2.300748033439569440e+02,1.939928345284768909e+02
1.294938936360059074e+02,-2.301741583678325469e+02,1.950341593501257194e+02
1.293238970032145687e+02,-2.302696943589525631e+02,1.960575228064263342e+02
1.291676199286808071e+02,-2.303574239601547617e+02,1.970616537185102857e+02
1.290219480381241794e+02,-2.304390216634619151e+02,1.980456806175307065e+02
1.288866865015750705e+02,-2.305147290073452950e+02,1.990086470069935274e+02
1.287638366680147044e+02,-2.305833321368778286e+02,1.999495321219293658e+02
1.286497089312373987e+02,-2.306469995169481422e+02,2.008675496828539906e+02
1.285479568586554535e+02,-2.307037413803716959e+02,2.017616639458968564e+02
1.284546057789058864e+02,-2.307557374600213791e+02,2.026311421529677261e+02
1.283720221960974754e+02,-2.308017469312909782e+02,2.034750436538875817e+02
1.282984762491451818e+02,-2.308426247616610567e+02,2.042926006217048780e+02
1.282329994418318222e+02,-2.308789932496890458e+02,2.050830459220690329e+02
1.281777926658332376e+02,-2.309096163227887075e+02,2.058455205803397803e+02
1.281282394680789309e+02,-2.309371109886329236e+02,2.065794449996559763e+02
1.280886714966241868e+02,-2.309590683811599092e+02,2.072839371044243251e+02
1.280553514476791577e+02,-2.309775457816585629e+02,2.079584404251688170e+02
1.280274416348249247e+02,-2.309929972246542604e+02,2.086023211880452095e+02
1.280070148706991802e+02,-2.310043793790438826e+02,2.092148703703699084e+02
1.279918475676995655e+02,-2.310127620616700312e+02,2.097955634354399876e+02
1.279811265559811204e+02,-2.310187146344660789e+02,2.103438597031017991e+02
1.279746069760106195e+02,-2.310222780896563393e+02,2.108592259487615763e+02
1.279719313104689888e+02,-2.310237956513877293e+02,2.113411693001339131e+02
1.279724624322045230e+02,-2.310234833768009253e+02,2.117892354811697544e+02
1.279755993134111094e+02,-2.310217496956308025e+02,2.122030056218559935e+02
1.279807000068257281e+02,-2.310189391215576222e+02,2.125820947160176502e+02
1.279871572187751099e+02,-2.310153669690749609e+02,2.129261504758282229e+02
1.279945285775522024e+02,-2.310112623151688354e+02,2.132348491500413274e+02
1.280023610271701386e+02,-2.310069752698585148e+02,2.135079040935790715e+02
1.280101103427233511e+02,-2.310026459773276599e+02,2.137450629836701239e+02
1.280174176008201812e+02,-2.309986189825110330e+02,2.139461070476477005e+02
1.280238936252700057e+02,-2.309950455306136234e+02,2.141108509022009798e+02
1.280292194913930643e+02,-2.309920540972798051e+02,2.142391426923099402e+02
1.280332179571010727e+02,-2.309898706141593721e+02,2.143308641956333247e+02
1.280356819480570607e+02,-2.309885196982753541e+02,2.143859309203380974e+02
1.280364701460997594e+02,-2.309879808525138571e+02,2.144042920438151612e+02
