9.478260109447023751e+01,-1.404367883227153868e+02,1.444632138381768982e+02
9.477536306077405470e+01,-1.404450756170397767e+02,1.444764962203381629e+02
9.475362495807969765e+01,-1.404697891167783723e+02,1.445163627410652225e+02
9.471762293486794704e+01,-1.405110298801764088e+02,1.445828668190641508e+02
9.466748445588710581e+01,-1.405685050834420053e+02,1.446760976984719207e+02
9.460351508969409906e+01,-1.406420278613822461e+02,1.447961793051794928e+02
9.452612955515367332e+01,-1.407314009046513377e+02,1.449432692236716775e+02
9.443575061447853614e+01,-1.408362445229811328e+02,1.451175576488573711e+02
9.433297266334066933e+01,-1.409562843283576115e+02,1.453192658975995641e+02
9.421839428215280066e+01,-1.410910454350610053e+02,1.455486525241200582e+02
9.409255905204859971e+01,-1.412401932388867465e+02,1.458058477974169591e+02
9.395610603291098073e+01,-1.414030781157606214e+02,1.460911216860093873e+02
9.380953020811672616e+01,-1.415796134419419445e+02,1.464044007789856607e+02
9.365338675053484963e+01,-1.417691652771952704e+02,1.467458160821366846e+02
9.348844359091484080e+01,-1.419712953441524235e+02,1.471155243765677199e+02
9.331533331971465373e+01,-1.421854868964460934e+02,1.475135858034045100e+02
9.313459074940081450e+01,-1.424112942707978675e+02,1.479399328106588882e+02
9.294655144290042870e+01,-1.426483693321110877e+02,1.483942951925318994e+02
9.275172925343889574e+01,-1.428963027627069380e+02,1.488765043505740664e+02
9.255200664903912866e+01,-1.431540035071183468e+02,1.493874958577481493e+02
9.234720894786116219e+01,-1.434213385673267851e+02,1.499264807065924003e+02
9.213676267097181949e+01,-1.436982796150398940e+02,1.504923383439728468e+02
9.192353128425968123e+01,-1.439834131915197304e+02,1.510866551060425707e+02
9.170689414235634729e+01,-1.442767310387469593e+02,1.517082052521476783e+02
9.148595325497606723e+01,-1.445783561935450336e+02,1.523555026364557250e+02
9.126594859027413520e+01,-1.448858416579932396e+02,1.530319589782891967e+02
9.104102122535411468e+01,-1.452014369602110833e+02,1.537320237633490478e+02
9.081914643815909471e+01,-1.455214649017133013e+02,1.544612760896800978e+02
9.059322229507399982e+01,-1.458487908304078928e+02,1.552130741472138595e+02
9.037145050709604277e+01,-1.461796129091429464e+02,1.559931326954334168e+02
9.014623078453846006e+01,-1.465169022451396756e+02,1.567943947350153167e+02
8.992748839506953118e+01,-1.468562751639463784e+02,1.576238532368626579e+02
8.970424095104441164e+01,-1.472019925436856056e+02,1.584717340787969988e+02
8.949258750415260977e+01,-1.475472017282514514e+02,1.593498934726594314e+02
8.927554109410414185e+01,-1.478987002523936951e+02,1.602436843611212680e+02
8.906822695886690155e+01,-1.482500297435169045e+02,1.611641418866497304e+02
8.886089797341266205e+01,-1.486047950164968654e+02,1.621024495373840182e+02
8.865889749065571834e+01,-1.489607206149419198e+02,1.630617196833886737e+02
8.846387851835781646e+01,-1.493168284944397328e+02,1.640421775266024156e+02
8.826762095884019743e+01,-1.496761076249700295e+02,1.650361711369480133e+02
8.808706026456439986e+01,-1.500316814882570213e+02,1.660559710686113704e+02
8.790427897843656524e+01,-1.503903933950285534e+02,1.670861913260009715e+02
8.773295134841116294e+01,-1.507466082695455327e+02,1.681365047069449190e+02
8.756725286838853606e+01,-1.511022564358810598e+02,1.692011490776821461e+02
8.740366084921930678e+01,-1.514584861897725716e+02,1.702761314162605117e+02
8.725637289914099881e+01,-1.518096621648938083e+02,1.713714318419370670e+02
8.710824806813975840e+01,-1.521620891104990392e+02,1.724723164364041850e+02
8.697350719921810480e+01,-1.525101357786641358e+02,1.735887647523742032e+02
8.684535812585268388e+01,-1.528559849531021371e+02,1.747142568232572728e+02
8.672015196949715232e+01,-1.532008522660240146e+02,1.758446608482392151e+02
8.661236002424378455e+01,-1.535390230636153888e+02,1.769901382846656475e+02
8.649519127786169292e+01,-1.539063553375218589e+02,1.782362823368641216e+02
8.640683376593274545e+01,-1.542236173689134091e+02,1.793439615633153039e+02
8.632423620509558759e+01,-1.545366823762969375e+02,1.804491591431706752e+02
8.624508547744916598e+01,-1.548466235815398306e+02,1.815509073157614353e+02
8.618315166113534076e+01,-1.551454800916330896e+02,1.826474213657647852e+02
8.612175457494466002e+01,-1.554424736968331615e+02,1.837384753794892731e+02
8.607202759022554517e+01,-1.557310341121580848e+02,1.848224266671016380e+02
8.603040332551492497e+01,-1.560130225532712984e+02,1.858983924514469095e+02
8.599038675943987187e+01,-1.562918718408018321e+02,1.869656450824824105e+02
8.596703699464053727e+01,-1.565587948883932086e+02,1.880223636376983904e+02
8.594427989104252674e+01,-1.568226535071862315e+02,1.890683280396982866e+02
8.593124697948834978e+01,-1.570782184694462558e+02,1.901020447558038313e+02
8.592516818723652250e+01,-1.573266291868936264e+02,1.911226317284211120e+02
8.592183452044844216e+01,-1.575700777373124026e+02,1.921292982696234333e+02
8.593070665772546590e+01,-1.578031676755599335e+02,1.931205720190266106e+02
8.593970771142771525e+01,-1.580323389655660833e+02,1.940960877928287118e+02
8.595966150141883588e+01,-1.582513061796942679e+02,1.950543309141388590e+02
8.598163238778820983e+01,-1.584648726758341013e+02,1.959948107064761871e+02
8.601021012113446318e+01,-1.586703359272138130e+02,1.969163660009664909e+02
8.604312572355060240e+01,-1.588686362385547000e+02,1.978181990451221566e+02
8.608006446567621595e+01,-1.590597840773824032e+02,1.986994352851167207e+02
8.612200359233997915e+01,-1.592430925311663827e+02,1.995591549142863244e+02
8.616667147874207444e+01,-1.594195365125995920e+02,2.003966210898115037e+02
8.621568015784744432e+01,-1.595881321834601749e+02,2.012109255332314603e+02
8.626707415917832122e+01,-1.597496893055119642e+02,2.020013597830027265e+02
8.632120398300870079e+01,-1.599038546899842288e+02,2.027671240096736369e+02
8.637797857790383205e+01,-1.600505189057711561e+02,2.035074648925486258e+02
8.643534437369487478e+01,-1.601905611727929113e+02,2.042217515141278170e+02
8.649589619042841093e+01,-1.603224741076996906e+02,2.049091463826687232e+02
8.655616713132279472e+01,-1.604480035622885623e+02,2.055691440768299856e+02
8.661737456884630149e+01,-1.605662845947857704e+02,2.062010275965404276e+02
8.667910622566571988e+01,-1.606774117106269273e+02,2.068041915997610829e+02
8.674006337780149067e+01,-1.607819465661987124e+02,2.073781034432537638e+02
8.680019263012412978e+01,-1.608798219273003554e+02,2.079221972840476838e+02
8.685973920188054365e+01,-1.609707009078890962e+02,2.084359190928567784e+02
8.691765293944771997e+01,-1.610550562563990979e+02,2.089188125824007898e+02
8.697354141441314823e+01,-1.611330310080122388e+02,2.093704191415980631e+02
8.702707927420890144e+01,-1.612046569683178632e+02,2.097903059155299275e+02
8.707793179782406412e+01,-1.612700869107877963e+02,2.101780743537196088e+02
8.712572279764253835e+01,-1.613294366344109960e+02,2.105333583435444211e+02
8.717012969554488677e+01,-1.613826777406222845e+02,2.108558185418797279e+02
8.721080629358961289e+01,-1.614299885369391347e+02,2.111451534996305952e+02
8.724743742341583186e+01,-1.614715179969297481e+02,2.114010926223344882e+02
8.727967068868116485e+01,-1.615072698444278387e+02,2.116233965038984763e+02
8.730739274089650337e+01,-1.615375092735923204e+02,2.118118555794565907e+02
8.733029320347606017e+01,-1.615620897626571661e+02,2.119662921687834398e+02
8.734827905168397422e+01,-1.615811725251330699e+02,2.120865606983214207e+02
8.736120976138057870e+01,-1.615947677095517463e+02,2.121725478506873230e+02
8.736899607489188213e+01,-1.616028951778836813e+02,2.122241724532216267e+02
8.737161134552657415e+01,-1.616056234420916269e+02,2.122413859908343738e+02
