1.801780801216087298e+02,1.434654458428577755e+02,1.443265409260019965e+02
1.801846125464911381e+02,1.434589836751559631e+02,1.443413474928748315e+02
1.802042340178174413e+02,1.434396552392707633e+02,1.443857670600782512e+02
1.802368550943039622e+02,1.434075154930467306e+02,1.444597985035221939e+02
1.802823816917867532e+02,1.433626952420642056e+02,1.445634396468771570e+02
1.803406300723730169e+02,1.433053401018128170e+02,1.446966877104316609e+02
1.804113897546612577e+02,1.432356537395518501e+02,1.448595382294310809e+02
1.804943653327761695e+02,1.431540951098966445e+02,1.450521025932299892e+02
1.805892339963710640e+02,1.430611071069172624e+02,1.452744547774956345e+02
1.806954399831138289e+02,1.429570097288105899e+02,1.455266524163845929e+02
1.808127774473378508e+02,1.428423827313645234e+02,1.458087170627007083e+02
1.809409430978024886e+02,1.427175336249351290e+02,1.461205330932545223e+02
1.810793718828793999e+02,1.425828108704933754e+02,1.464620600441782017e+02
1.812277692961847038e+02,1.424388803952010960e+02,1.468332789709816950e+02
1.813854383319078636e+02,1.422862043182747414e+02,1.472341770653266337e+02
1.815520064784100498e+02,1.421255589797211201e+02,1.476647431275216888e+02
1.817269329547868608e+02,1.419574562649389122e+02,1.481248599651899269e+02
1.819097764137187596e+02,1.417821525961308851e+02,1.486142140657364905e+02
1.821004697707973605e+02,1.415998871294546575e+02,1.491323150773304462e+02
1.822983750611328162e+02,1.414113072844380952e+02,1.496790413087975935e+02
1.825021116734692441e+02,1.412181761029616780e+02,1.502550479442484175e+02
1.827122521525960508e+02,1.410197767385553504e+02,1.508590469363333000e+02
1.829284682821790113e+02,1.408160339539444692e+02,1.514903527151477078e+02
1.831485610408235516e+02,1.406103261987899202e+02,1.521506054042772575e+02
1.833739323080958741e+02,1.404002206289182482e+02,1.528372861762087780e+02
1.836032826447180355e+02,1.401875132021476702e+02,1.535508787531120731e+02
1.838357842590945666e+02,1.399733845693298520e+02,1.542913682671020297e+02
1.840723286362493241e+02,1.397562247002500442e+02,1.550567329123181537e+02
1.843099966237152785e+02,1.395402533774487210e+02,1.558491344699486660e+02
1.845515681643226173e+02,1.393211833914096474e+02,1.566645140876845517e+02
1.847926870105106332e+02,1.391052907365042017e+02,1.575064995558492456e+02
1.850370662440308536e+02,1.388868935469315318e+02,1.583699669992641077e+02
1.852802249477732914e+02,1.386726645194410423e+02,1.592587344445273345e+02
1.855246447626329314e+02,1.384586268529757831e+02,1.601689051211047286e+02
1.857687725519529351e+02,1.382469315251701119e+02,1.611009970209599089e+02
1.860122464117854406e+02,1.380380353976679260e+02,1.620542543063502308e+02
1.862564848910338071e+02,1.378297783501222682e+02,1.630259870089668084e+02
1.864962747361777815e+02,1.376296147391599618e+02,1.640205540609678962e+02
1.867391436915917495e+02,1.374262781048649629e+02,1.650285979800649727e+02
1.869740184360937860e+02,1.372362390577324049e+02,1.660609441628456580e+02
1.872106508436539798e+02,1.370447465705873356e+02,1.671057071778997454e+02
1.874429499848023397e+02,1.368608325623900441e+02,1.681682692700190103e+02
1.876717153641060634e+02,1.366831524580249777e+02,1.692464683027770889e+02
1.879007187221766912e+02,1.365058385413482256e+02,1.703348589680747978e+02
1.881202910959009955e+02,1.363434048021331648e+02,1.714427470798256365e+02
1.883406916550175367e+02,1.361802015174394285e+02,1.725575712101909005e+02
1.885542618063926170e+02,1.360277695558810649e+02,1.736864500814664893e+02
1.887637207185336479e+02,1.358818352966916905e+02,1.748250610147580346e+02
1.889718209530017532e+02,1.357380343730532104e+02,1.759690199838535420e+02
1.891696777776569149e+02,1.356099310014312209e+02,1.771268577738165675e+02
1.893672294303961792e+02,1.354821073936845437e+02,1.782862155898366723e+02
1.895738040267276290e+02,1.353559691926802770e+02,1.795610240582285257e+02
1.897525602298282763e+02,1.352502714718898744e+02,1.806935427428054197e+02
1.899279119772795923e+02,1.351488055272338329e+02,1.818235684842983062e+02
1.900925657168214684e+02,1.350615698526762571e+02,1.829493663297317880e+02
1.902561426465244381e+02,1.349750700909579280e+02,1.840706759697702637e+02
1.904107096258976810e+02,1.349003542691113182e+02,1.851857078260636911e+02
1.905602119104311498e+02,1.348316996384337472e+02,1.862937222686444443e+02
1.907066625841993641e+02,1.347662223934935639e+02,1.873938117393830964e+02
1.908428303511477679e+02,1.347138664995196393e+02,1.884842725931396785e+02
1.909773490317199105e+02,1.346624584562309508e+02,1.895647933528293834e+02
1.911035510548104810e+02,1.346213553729749322e+02,1.906337297318177662e+02
1.912251037105358193e+02,1.345851039542748993e+02,1.916903660189967979e+02
1.913424095836963374e+02,1.345531168450210942e+02,1.927337006736147202e+02
1.914518447622587871e+02,1.345303351092729827e+02,1.937623973361532421e+02
1.915594672094588304e+02,1.345081740021348367e+02,1.947759789815144984e+02
1.916577152349446180e+02,1.344972030908338922e+02,1.957727888121073079e+02
1.917536692908911959e+02,1.344872006416061367e+02,1.967524783357438594e+02
1.918429440330912428e+02,1.344842252549103989e+02,1.977137037713524705e+02
1.919282926812723531e+02,1.344844421607996878e+02,1.986557592160167474e+02
1.920083935383079563e+02,1.344894737161350236e+02,1.995776112716788759e+02
1.920838666436665960e+02,1.344983637413771191e+02,2.004784101842080020e+02
1.921548730428776821e+02,1.345108823244172811e+02,2.013572831029443932e+02
1.922212863326867307e+02,1.345269192649348611e+02,2.022133650253757935e+02
1.922833962539088759e+02,1.345460837952011559e+02,2.030458371350883340e+02
1.923414998458906666e+02,1.345677493309243005e+02,2.038539135782615972e+02
1.923951345068127239e+02,1.345925297334783011e+02,2.046367586474404732e+02
1.924456904332641329e+02,1.346183870650838514e+02,2.053937256910163569e+02
1.924914582812413641e+02,1.346476280418079057e+02,2.061239221790011982e+02
1.925344217716932746e+02,1.346773749953732136e+02,2.068268052724575341e+02
1.925737179303831397e+02,1.347087616458841524e+02,2.075016089617727175e+02
1.926095647791799195e+02,1.347412226971545124e+02,2.081476969440024050e+02
1.926426723504946494e+02,1.347739098762597507e+02,2.087644874478126553e+02
1.926727197745791216e+02,1.348069554313320282e+02,2.093513563994148683e+02
1.926998416938855030e+02,1.348404250216375715e+02,2.099077254978048188e+02
1.927243839827663123e+02,1.348733814459077962e+02,2.104330939916883096e+02
1.927465753382946900e+02,1.349057269599173310e+02,2.109269536448989300e+02
1.927663951989578095e+02,1.349371834128826606e+02,2.113888272437657463e+02
1.927841184694904371e+02,1.349675835475634074e+02,2.118182733747652833e+02
1.927997608423657994e+02,1.349965548914633473e+02,2.122148833018321170e+02
1.928135745499575648e+02,1.350239121898001713e+02,2.125782800590761497e+02
1.928257142420175967e+02,1.350494199025054627e+02,2.129081186218491553e+02
1.928361032803387332e+02,1.350728524938838575e+02,2.132040797871069628e+02
1.928450798852098274e+02,1.350940303725726608e+02,2.134658883231489881e+02
1.928525939117305370e+02,1.351127252798657423e+02,2.136932931503038731e+02
1.928587856610059248e+02,1.351288203063491835e+02,2.138860783099059972e+02
1.928637316809097229e+02,1.351421312517969398e+02,2.140440629376787172e+02
1.928676080083775730e+02,1.351525838934381625e+02,2.141670990393718057e+02
1.928703673392740541e+02,1.351600922073805577e+02,2.142550670074544712e+02
1.928719672158985929e+02,1.351645815923959901e+02,2.143078816040564334e+02
1.928725270909894505e+02,1.351661020435627734e+02,2.143254920855077046e+02
