2.080533849145476779e+02,-8.179636202711030535e+01,1.444170135199277638e+02
2.080512380861503061e+02,-8.180535898938698836e+01,1.444317189301283122e+02
2.080448607239491139e+02,-8.183232171518037035e+01,1.444758460535210531e+02
2.080342935494846301e+02,-8.187712178528668971e+01,1.445494154476796211e+02
2.080196360769617741e+02,-8.193955573584183583e+01,1.446524633550346266e+02
2.080009120716922553e+02,-8.201928892162739260e+01,1.447850397386173142e+02
2.079783397039549016e+02,-8.211597716446368622e+01,1.449472076542436128e+02
2.079520425553407392e+02,-8.222913511572387790e+01,1.451390450356610700e+02
2.079221369345208643e+02,-8.235829772644409275e+01,1.453605779872432038e+02
2.078888968076200570e+02,-8.250301221297063137e+01,1.456118254779018741e+02
2.078524573733868976e+02,-8.266266671469432481e+01,1.458928210999520445e+02
2.078129843578355462e+02,-8.283682505162674659e+01,1.462034718385019971e+02
2.077705855223978517e+02,-8.302487407186610824e+01,1.465437293646456851e+02
2.077256054498284072e+02,-8.322616371881036912e+01,1.469135855971910871e+02
2.076782408016219392e+02,-8.343998410704644186e+01,1.473129921691784432e+02
2.076287336481497050e+02,-8.366557481617977032e+01,1.477419027827131970e+02
2.075773570026216248e+02,-8.390208831794633682e+01,1.482002901442604355e+02
2.075243500570279593e+02,-8.414913631254196957e+01,1.486878327160526112e+02
2.074695542929662793e+02,-8.440635642288832230e+01,1.492040633406544998e+02
2.074134006092541824e+02,-8.467313907531357131e+01,1.497487585985230965e+02
2.073565037819044790e+02,-8.494746535201758775e+01,1.503224748415419469e+02
2.072987674046158304e+02,-8.522958007974803252e+01,1.509243278493566152e+02
2.072399662785023509e+02,-8.551976037817516385e+01,1.515533523514981198e+02
2.071815945428002408e+02,-8.581460704539392736e+01,1.522109743066485805e+02
2.071226860496560676e+02,-8.611589719250098085e+01,1.528951681418677992e+02
2.070636694082737961e+02,-8.642237110352719753e+01,1.536058734997997703e+02
2.070056905562697693e+02,-8.673177059157906399e+01,1.543437196187781524e+02
2.069471862881146933e+02,-8.704681015152451096e+01,1.551059378055039133e+02
2.068910480203195448e+02,-8.736153512448836977e+01,1.558955414720647639e+02
2.068341539405518290e+02,-8.768200984961242739e+01,1.567075031913431076e+02
2.067806114608557380e+02,-8.799958242382912488e+01,1.575465505567337914e+02
2.067264312868078662e+02,-8.832227028460872020e+01,1.584063309049135455e+02
2.066761404827286412e+02,-8.864066392444962617e+01,1.592920387848221253e+02
2.066262697567567272e+02,-8.896144574138703831e+01,1.601981302110053775e+02
2.065794937913844365e+02,-8.927916072097990252e+01,1.611271498377699629e+02
2.065343207299948176e+02,-8.959663806327378666e+01,1.620760933923416474e+02
2.064913094543936438e+02,-8.991261569844601809e+01,1.630446661644720052e+02
2.064524575087555434e+02,-9.022262007690873986e+01,1.640346556501074815e+02
2.064131828844330698e+02,-9.053578195303616383e+01,1.650388175525945371e+02
2.063816984882903398e+02,-9.083558296197945481e+01,1.660669827637073013e+02
2.063494846624421939e+02,-9.113867829663095677e+01,1.671068181998014950e+02
2.063230438087532548e+02,-9.143201799698307752e+01,1.681658202926522279e+02
2.062993245808601728e+02,-9.172146929085670308e+01,1.692388397477105570e+02
2.062773726158427507e+02,-9.200866716924861066e+01,1.703235328251599014e+02
2.062628245898152102e+02,-9.228256023187661583e+01,1.714260629005108001e+02
2.062480294018883740e+02,-9.255779065174220932e+01,1.725353502024190391e+02
2.062405907898333055e+02,-9.281921608216653397e+01,1.736602500953198387e+02
2.062355775093584214e+02,-9.307630035993786066e+01,1.747931528272813182e+02
2.062330760116277020e+02,-9.332881593679287846e+01,1.759329457704410231e+02
2.062380564085140406e+02,-9.356693214867283359e+01,1.770849341473298182e+02
2.062430167329114852e+02,-9.380488763543559116e+01,1.782382694867961561e+02
2.062570712772453305e+02,-9.404723945861111645e+01,1.795070174597491928e+02
2.062716467625800192e+02,-9.425760061655745403e+01,1.806342212842876052e+02
2.062892958509811763e+02,-9.446042525785415478e+01,1.817588058792205175e+02
2.063128582741601633e+02,-9.464900513604803223e+01,1.828793014454239199e+02
2.063363482905338060e+02,-9.483651642572471019e+01,1.839953432376590001e+02
2.063666574319332767e+02,-9.500758502985600273e+01,1.851049846550217808e+02
2.063986013864228539e+02,-9.517340195753078547e+01,1.862077623755810123e+02
2.064325664188121721e+02,-9.533301560130396979e+01,1.873025430223089813e+02
2.064718940051509435e+02,-9.547880074706627340e+01,1.883878311261378826e+02
2.065109732196587800e+02,-9.562288326766385183e+01,1.894632381222288018e+02
2.065556035950452269e+02,-9.575242601675934395e+01,1.905269950566834041e+02
2.066011705345197811e+02,-9.587720265483332582e+01,1.915786044115815798e+02
2.066488083847638393e+02,-9.599468801065285106e+01,1.926168929347279004e+02
2.066996832618074222e+02,-9.610202440932897616e+01,1.936406841022664196e+02
2.067502990654328698e+02,-9.620656474060152163e+01,1.946493836597237248e+02
2.068054661723186030e+02,-9.629788188621627398e+01,1.956414183159232323e+02
2.068599062793020664e+02,-9.638712630075062293e+01,1.966164367724122428e+02
2.069173941309054499e+02,-9.646590576776894466e+01,1.975730136896777651e+02
2.069748486687571187e+02,-9.654069287425082280e+01,1.985105704330342178e+02
2.070339143279268228e+02,-9.660774033616932854e+01,1.994279767227862692e+02
2.070933054362285191e+02,-9.666967975981236805e+01,2.003244773022722143e+02
2.071534772693410673e+02,-9.672529285059036397e+01,2.011991233011195845e+02
2.072137560623145873e+02,-9.677587478816735711e+01,2.020511266743690157e+02
2.072744610737073856e+02,-9.682072323992449014e+01,2.028796086053615682e+02
2.073346647667244440e+02,-9.686141108039369385e+01,2.036838441835995752e+02
2.073950928288093678e+02,-9.689636858864814428e+01,2.044629527751067997e+02
2.074542820603111295e+02,-9.692855190493401096e+01,2.052163327911539170e+02
2.075136310308543841e+02,-9.695469966526607664e+01,2.059430612809520085e+02
2.075715505501405005e+02,-9.697825202103115316e+01,2.066426129603133290e+02
2.076283965154955240e+02,-9.699816406065744445e+01,2.073142416722837424e+02
2.076841086959864242e+02,-9.701447019296976748e+01,2.079572871871469317e+02
2.077381161364453419e+02,-9.702833665017783460e+01,2.085711802348676827e+02
2.077904135079443222e+02,-9.703963540383294628e+01,2.091553086981754745e+02
2.078409946138835096e+02,-9.704807714123458595e+01,2.097090823064197025e+02
2.078893963245986640e+02,-9.705460178279061267e+01,2.102320069420071604e+02
2.079356222337363533e+02,-9.705945124401688417e+01,2.107235769752169574e+02
2.079793494391561239e+02,-9.706269320837499492e+01,2.111833163515578917e+02
2.080205432079688137e+02,-9.706460808363675596e+01,2.116107843132441531e+02
2.080590532576961493e+02,-9.706544684521716704e+01,2.120055729599333745e+02
2.080946824042491698e+02,-9.706542406990722327e+01,2.123673059292045764e+02
2.081273138244073380e+02,-9.706475889838388582e+01,2.126956380554018438e+02
2.081568808809048221e+02,-9.706356885118933064e+01,2.129902514310570609e+02
2.081832318397869130e+02,-9.706212909774296804e+01,2.132508705110392953e+02
2.082062508388759738e+02,-9.706053930904536742e+01,2.134772444929219546e+02
2.082258708296186285e+02,-9.705894373313213919e+01,2.136691574879430107e+02
2.082420294251444375e+02,-9.705750752445747764e+01,2.138264285563386125e+02
2.082546658457146123e+02,-9.705636372299991876e+01,2.139489095043250870e+02
2.082636425003873626e+02,-9.705550814852708186e+01,2.140364817898468459e+02
2.082690415041353162e+02,-9.705499694758891849e+01,2.140890596742468404e+02
2.082708940391716226e+02,-9.705484977729993545e+01,2.141065914034945763e+02
