1.713847916700447342e+02,-6.404830550391015720e+01,1.445520475553899473e+02
1.713835060466890070e+02,-6.405874931775885273e+01,1.445656379836275960e+02
1.713796028564937615e+02,-6.409000061718732866e+01,1.446064273785196406e+02
1.713732425622134201e+02,-6.414196330523178347e+01,1.446744629629801011e+02
1.713645045223836689e+02,-6.421439089386421983e+01,1.447698251723074918e+02
1.713533466323451933e+02,-6.430687245451517242e+01,1.448926252042237195e+02
1.713401601406645227e+02,-6.441908073308599114e+01,1.450430043891850573e+02
1.713249440202537528e+02,-6.455040626767217304e+01,1.452211332723438488e+02
1.713080736233000039e+02,-6.470030149249635087e+01,1.454272105344375063e+02
1.712896586643621504e+02,-6.486797529116077499e+01,1.456614758711414197e+02
1.712700927455018984e+02,-6.505291970912888644e+01,1.459240283735784089e+02
1.712495885819440957e+02,-6.525410776147070635e+01,1.462152106118514325e+02
1.712282591253873250e+02,-6.547119752870523257e+01,1.465348560046831210e+02
1.712064227432380505e+02,-6.570346868018152975e+01,1.468830623911020723e+02
1.711842058680517766e+02,-6.595005298022304885e+01,1.472599297867477048e+02
1.711620052257625559e+02,-6.621028853559457161e+01,1.476654651441316730e+02
1.711398783857354715e+02,-6.648350405315929379e+01,1.480995470658210706e+02
1.711178521484866906e+02,-6.676931627977432981e+01,1.485618231809932013e+02
1.710961486641104727e+02,-6.706691283049428876e+01,1.490522377568160266e+02
1.710760811020992378e+02,-6.737389679423768030e+01,1.495720335089196169e+02
1.710565456700022366e+02,-6.769155572594286241e+01,1.501193511857142084e+02
1.710376078902358188e+02,-6.801946276772460465e+01,1.506937377703755772e+02
1.710211283563188260e+02,-6.835413939469853517e+01,1.512971875507805066e+02
1.710056466457566557e+02,-6.869747846612239073e+01,1.519272496694457288e+02
1.709916745976698280e+02,-6.904843245052599343e+01,1.525839014785326242e+02
1.709806061048930417e+02,-6.940406602382832091e+01,1.532685580907521228e+02
1.709701009245465571e+02,-6.976808936713148057e+01,1.539772540301879928e+02
1.709642476289613455e+02,-7.013292763774627758e+01,1.547151056234652629e+02
1.709585010602781097e+02,-7.050634386621356953e+01,1.554748485241565561e+02
1.709583461866389769e+02,-7.087815495248578657e+01,1.562636230553146675e+02
1.709579188586204737e+02,-7.125823351778514336e+01,1.570723757977920343e+02
1.709642656810386256e+02,-7.163393691301031652e+01,1.579102262578437319e+02
1.709704431067311532e+02,-7.201698208882164920e+01,1.587665756599862164e+02
1.709838657318469757e+02,-7.239419520553309439e+01,1.596509430303731847e+02
1.709976242492084850e+02,-7.277712076582297129e+01,1.605528062294430356e+02
1.710171301206906094e+02,-7.315606717383180069e+01,1.614788250382160868e+02
1.710396968766881400e+02,-7.353502679893841787e+01,1.624245092995312234e+02
1.710653419549313412e+02,-7.391385272783985272e+01,1.633887900668340478e+02
1.710977870285091740e+02,-7.428590807526173023e+01,1.643758201197267397e+02
1.711300067112683223e+02,-7.466250266993375817e+01,1.653751038888456151e+02
1.711723315636005509e+02,-7.502587443738006812e+01,1.663998179276909468e+02
1.712151899623732447e+02,-7.539177696405127449e+01,1.674358480256436792e+02
1.712637043457433492e+02,-7.575122439306622368e+01,1.684892026461458556e+02
1.713178258637564682e+02,-7.610402007458503704e+01,1.695587395324585316e+02
1.713722124635054058e+02,-7.645848057419385668e+01,1.706363098475909794e+02
1.714378329960585745e+02,-7.679627243909581580e+01,1.717355837880748766e+02
1.715035772726095331e+02,-7.713535045362789333e+01,1.728405393513091894e+02
1.715754302301661482e+02,-7.746546280871267243e+01,1.739582027582697776e+02
1.716528108759237057e+02,-7.778709088262856142e+01,1.750868050357757397e+02
1.717303729946711996e+02,-7.810870133552440109e+01,1.762180678252071289e+02
1.718192462437118593e+02,-7.841177891811511813e+01,1.773657996708266751e+02
1.719157841697180515e+02,-7.874078586215638609e+01,1.786141299076893745e+02
1.720073733361560926e+02,-7.901985046764995957e+01,1.797234356464447842e+02
1.721026334646969360e+02,-7.928919382883921685e+01,1.808300952141386233e+02
1.721976652115338595e+02,-7.955700567724674954e+01,1.819334414029127061e+02
1.723013855353023303e+02,-7.980329162475266003e+01,1.830313913349282302e+02
1.724046871564334822e+02,-8.004779510159946199e+01,1.841238660843966102e+02
1.725112523788056649e+02,-8.028181366832988886e+01,1.852093627145201538e+02
1.726218430336330982e+02,-8.050348886178169039e+01,1.862867256503278384e+02
1.727314848935046996e+02,-8.072326939804834467e+01,1.873554289835482507e+02
1.728478694459668645e+02,-8.092390701739003589e+01,1.884135595223694111e+02
1.729636145922007415e+02,-8.112100740700884671e+01,1.894608701785262781e+02
1.730814451839441119e+02,-8.130834103817656455e+01,1.904960217576339403e+02
1.732018569897635416e+02,-8.148438332341464729e+01,1.915179251685777047e+02
1.733210360684470857e+02,-8.165692515875710455e+01,1.925259742849626150e+02
1.734448527940601537e+02,-8.181309192371317351e+01,1.935185306790197046e+02
1.735668623241468822e+02,-8.196636382916314290e+01,1.944953035831137242e+02
1.736911478502084094e+02,-8.210742978573971129e+01,1.954548671134323286e+02
1.738148956090005299e+02,-8.224211049573641219e+01,1.963965740197741354e+02
1.739388737771097624e+02,-8.236832420811060729e+01,1.973193967404929197e+02
1.740629707527612595e+02,-8.248586910029122521e+01,1.982224211174863910e+02
1.741859808645579335e+02,-8.259698180805952461e+01,1.991048746792162376e+02
1.743091365176621252e+02,-8.269887201788226605e+01,1.999657490533742532e+02
1.744304700799440866e+02,-8.279512760440698571e+01,2.008043835276185689e+02
1.745512456750430772e+02,-8.288275785666240836e+01,2.016198034081815536e+02
1.746700384385395068e+02,-8.296476600048444539e+01,2.024113576965947630e+02
1.747872512981022339e+02,-8.303959992339409268e+01,2.031781939181433643e+02
1.749023407293210255e+02,-8.310821037997946803e+01,2.039196061792786168e+02
1.750147249858796954e+02,-8.317159867970983100e+01,2.046349162891257265e+02
1.751250082912483492e+02,-8.322795876890253908e+01,2.053233319791023632e+02
1.752319316100160052e+02,-8.328011948491753458e+01,2.059843160989911439e+02
1.753359015211302676e+02,-8.332663085556639260e+01,2.066171482265287125e+02
1.754364891260463253e+02,-8.336820615044588578e+01,2.072212417072441042e+02
1.755331355084651648e+02,-8.340573790700113932e+01,2.077960480376131898e+02
1.756258048874711903e+02,-8.343923255855717969e+01,2.083410006627224220e+02
1.757145128264452296e+02,-8.346830780116982851e+01,2.088555451602387905e+02
1.757986478169206919e+02,-8.349395931895016076e+01,2.093392264024936367e+02
1.758780762788192362e+02,-8.351644859406005139e+01,2.097915800069065710e+02
1.759525710804378775e+02,-8.353596361406538051e+01,2.102121711299334379e+02
1.760219207660970255e+02,-8.355276747875471699e+01,2.106005990946154043e+02
1.760859738419605662e+02,-8.356715241729831689e+01,2.109564950495224025e+02
1.761445365909773670e+02,-8.357930319716652434e+01,2.112795185330352865e+02
1.761974802828429745e+02,-8.358951279015636260e+01,2.115693648527348500e+02
1.762444833216756308e+02,-8.359796330373096396e+01,2.118257610345150965e+02
1.762855331195671056e+02,-8.360493878197901552e+01,2.120484656594607031e+02
1.763204938152595105e+02,-8.361058716709946737e+01,2.122372672057771865e+02
1.763492205512771136e+02,-8.361502004871499594e+01,2.123919863125719587e+02
1.763715982697295601e+02,-8.361833108023940042e+01,2.125124760120285146e+02
1.763876384789282383e+02,-8.362064184014842283e+01,2.125986219967577142e+02
1.763972891090967607e+02,-8.362200321748437659e+01,2.126503421530395315e+02
1.764004973815287087e+02,-8.362244408036661980e+01,2.126675875107742968e+02
