2.007208965716143325e+02,-3.202470267929249559e+01,1.445470117751291070e+02
2.007212345515607694e+02,-3.203457584773338596e+01,1.445611162869407735e+02
2.007223241558190807e+02,-3.206415651948727685e+01,1.446034446376994254e+02
2.007240536162702540e+02,-3.211326442852520557e+01,1.446740360823497724e+02
2.007265753509027206e+02,-3.218167063229319069e+01,1.447729564022280329e+02
2.007298475701986149e+02,-3.226900192035220982e+01,1.449002968342857116e+02
2.007340482002396413e+02,-3.237483035672317300e+01,1.450561731881249727e+02
2.007391281877197571e+02,-3.249858055436853732e+01,1.452407246023988705e+02
2.007452760190557797e+02,-3.263963117537069536e+01,1.454541119687028186e+02
2.007525501091033959e+02,-3.279730120756429557e+01,1.456964773874057641e+02
2.007610814443434037e+02,-3.297089070637366603e+01,1.459679459043433098e+02
2.007708347246314133e+02,-3.315996120473224096e+01,1.462684161937381475e+02
2.007820628735956063e+02,-3.336346875297179793e+01,1.465981708201515232e+02
2.007946474414829083e+02,-3.358083870812419036e+01,1.469571075642494975e+02
2.008087935234359804e+02,-3.381148174490273561e+01,1.473451397039340804e+02
2.008245152368232880e+02,-3.405486383669065731e+01,1.477620829795315558e+02
2.008417496219074110e+02,-3.431017046159661987e+01,1.482078839274247741e+02
2.008609209730427665e+02,-3.457596311835499847e+01,1.486829136278100805e+02
2.008819069389304843e+02,-3.485176197839766132e+01,1.491868276978305232e+02
2.009046163094722885e+02,-3.513781034931491831e+01,1.497187938057297458e+02
2.009290904632905779e+02,-3.543334322340690079e+01,1.502786015510503148e+02
2.009559868382232537e+02,-3.573516014035278943e+01,1.508676308881751993e+02
2.009846925968949449e+02,-3.604528149942665038e+01,1.514837552233635734e+02
2.010151854492416703e+02,-3.636300997888250208e+01,1.521266151324673217e+02
2.010485494678310658e+02,-3.668407647703319441e+01,1.527982283225199467e+02
2.010834173892631043e+02,-3.701289929328564909e+01,1.534947571707816394e+02
2.011212268513739332e+02,-3.734346775763584247e+01,1.542193088776822378e+02
2.011608610087055808e+02,-3.767973187500668075e+01,1.549683181655942121e+02
2.012033387817409675e+02,-3.801732138755528467e+01,1.557437420998354582e+02
2.012478602761795798e+02,-3.835845347221842871e+01,1.565431001008385863e+02
2.012953390332982622e+02,-3.869962633445416600e+01,1.573677333645596832e+02
2.013448075098905008e+02,-3.904343332462683236e+01,1.582148507561946644e+02
2.013977151029487800e+02,-3.938476395244379091e+01,1.590868344666079111e+02
2.014522260754526144e+02,-3.972899554680985545e+01,1.599789700288789618e+02
2.015110183083207573e+02,-4.006660463451903098e+01,1.608965511687054004e+02
2.015702562123553321e+02,-4.041028983265631069e+01,1.618299231811389802e+02
2.016348914765918039e+02,-4.074249781828449102e+01,1.627897231237552944e+02
2.017003093842606916e+02,-4.107857963746513263e+01,1.637644770731346284e+02
2.017696590096329317e+02,-4.140717147033765144e+01,1.647606304267384019e+02
2.018416796175703496e+02,-4.173246419476262759e+01,1.657741842252366951e+02
2.019154151200200147e+02,-4.205663561411108731e+01,1.668024387351058522e+02
2.019942049227835525e+02,-4.236850627568176719e+01,1.678517038867851454e+02
2.020733275784720604e+02,-4.268314679734719164e+01,1.689105957636515427e+02
2.021577984553397300e+02,-4.298343972658560830e+01,1.699893806428893583e+02
2.022438691221159104e+02,-4.328141982298063084e+01,1.710787039571667378e+02
2.023322179185246625e+02,-4.357409998964507736e+01,1.721792957725338056e+02
2.024251888134908768e+02,-4.385367625865720953e+01,1.732951483036293325e+02
2.025182516807202262e+02,-4.413418344678832739e+01,1.744155148448595014e+02
2.026168976918690987e+02,-4.439735883360342683e+01,1.755514126093500522e+02
2.027166800152505743e+02,-4.465719956077153086e+01,1.766921211478287148e+02
2.028185652979406655e+02,-4.490989159024971400e+01,1.778389073101588167e+02
2.029338884513858545e+02,-4.516900787899469094e+01,1.790949959395065605e+02
2.030362263130124347e+02,-4.539904423022304059e+01,1.802114413241371551e+02
2.031427689132599141e+02,-4.560726867025861964e+01,1.813245770161615837e+02
2.032493333112946630e+02,-4.581264137535162462e+01,1.824342974619281961e+02
2.033571064658834757e+02,-4.600944577433273253e+01,1.835392205635536698e+02
2.034671862309536152e+02,-4.619136726091461753e+01,1.846379398067715840e+02
2.035765449271599437e+02,-4.637196946491118155e+01,1.857300828925952487e+02
2.036887085643372757e+02,-4.653455621445390022e+01,1.868137148961690741e+02
2.038007473541350976e+02,-4.669209237320507100e+01,1.878884467350629563e+02
2.039130572598912181e+02,-4.684209124102512334e+01,1.889530968711902403e+02
2.040268936446898351e+02,-4.697835565192040974e+01,1.900063003446119296e+02
2.041394508644238215e+02,-4.711284273908909626e+01,1.910476455573351302e+02
2.042538696314255446e+02,-4.723079344411148384e+01,1.920753454768025961e+02
2.043671415729171770e+02,-4.734508894349423969e+01,1.930890607245621311e+02
2.044804882325503570e+02,-4.745005616107136603e+01,1.940875011844370022e+02
2.045936133926572040e+02,-4.754625423818224306e+01,1.950697163048853326e+02
2.047055040544939288e+02,-4.763750380644030713e+01,1.960349403636294596e+02
2.048175116725201121e+02,-4.771728932756269614e+01,1.969818868464232651e+02
2.049275006084161532e+02,-4.779469588437159899e+01,1.979100968653088159e+02
2.050375164061816804e+02,-4.785981724735222542e+01,1.988181443661421213e+02
2.051451263202215216e+02,-4.792309774486940910e+01,1.997056786744644228e+02
2.052522499513517289e+02,-4.797585450821859610e+01,2.005713751859221929e+02
2.053568074274749904e+02,-4.802638205759960499e+01,2.014148141539917276e+02
2.054601643701178659e+02,-4.806779339365377979e+01,2.022348087675367481e+02
2.055608538742002054e+02,-4.810694056819378517e+01,2.030309058978637609e+02
2.056598988961652594e+02,-4.813828684418785997e+01,2.038020354895602395e+02
2.057560788431986225e+02,-4.816681627111287156e+01,2.045476969874812312e+02
2.058498308713150209e+02,-4.819006767404231084e+01,2.052670282861168971e+02
2.059407955723094119e+02,-4.820946584119050726e+01,2.059593940781812762e+02
2.060286193528293666e+02,-4.822602510104405127e+01,2.066241650982980502e+02
2.061136555786654867e+02,-4.823780568150920089e+01,2.072605853040537056e+02
2.061953234012647442e+02,-4.824719262695381872e+01,2.078681506807126027e+02
2.062733625285675885e+02,-4.825417732059867859e+01,2.084462635605088963e+02
2.063480131659792107e+02,-4.825843160652538444e+01,2.089943341462297042e+02
2.064189216420513446e+02,-4.826051306007540376e+01,2.095118523599189757e+02
2.064859422379310274e+02,-4.826096546872112469e+01,2.099983353326695124e+02
2.065489052114710091e+02,-4.825998024592968250e+01,2.104533135680464966e+02
2.066077238590335128e+02,-4.825780626135833273e+01,2.108763506061856106e+02
2.066623808588291809e+02,-4.825473869305794494e+01,2.112670430588366628e+02
2.067126296009945747e+02,-4.825102199331445263e+01,2.116250193588473394e+02
2.067583671855407204e+02,-4.824686789340471194e+01,2.119499371034104342e+02
2.067996483774021783e+02,-4.824250753287070381e+01,2.122414858407207419e+02
2.068361998277941325e+02,-4.823817146076727624e+01,2.124993915146704637e+02
2.068680342735607098e+02,-4.823402482951755843e+01,2.127234070643468158e+02
2.068951171680782295e+02,-4.823024092136515151e+01,2.129133198339104354e+02
2.069173511899887785e+02,-4.822698270493351203e+01,2.130689510402045244e+02
2.069346898772695909e+02,-4.822437709101653525e+01,2.131901534844647870e+02
2.069470775750789926e+02,-4.822251006853763045e+01,2.132768120959729288e+02
2.069544691064717199e+02,-4.822139106208155113e+01,2.133288420761426210e+02
2.069569825196073509e+02,-4.822103151172719748e+01,2.133461912691676616e+02
