2.139035957698579011e+02,-3.526730119773201011e+01,1.444856758083799946e+02
2.139035306124584395e+02,-3.527670126582026455e+01,1.445002295898007389e+02
2.139034873727089803e+02,-3.530488301082756664e+01,1.445439011273849133e+02
2.139034450067836417e+02,-3.535170812913795402e+01,1.446167100449319776e+02
2.139034437329999037e+02,-3.541695951129120346e+01,1.447186906430018780e+02
2.139034787892783811e+02,-3.550032164179096128e+01,1.448498902291103150e+02
2.139036720828916032e+02,-3.560141831819916547e+01,1.450103685091535795e+02
2.139039979642049616e+02,-3.571975601926617117e+01,1.452001967733294521e+02
2.139045545539361228e+02,-3.585478422103322060e+01,1.454194565257270995e+02
2.139054976508778338e+02,-3.600587063396051946e+01,1.456682460346008554e+02
2.139068177258730259e+02,-3.617242755810036670e+01,1.459465781354341800e+02
2.139085206291720453e+02,-3.635397387598058572e+01,1.462543666413575920e+02
2.139108115276652882e+02,-3.654982642207640708e+01,1.465916317476554127e+02
2.139137350079298869e+02,-3.675911976564009365e+01,1.469584436283732884e+02
2.139173707808709537e+02,-3.698142692108326912e+01,1.473545813839269840e+02
2.139216343034481724e+02,-3.721594071164528827e+01,1.477799912393662680e+02
2.139268774685817505e+02,-3.746148651511664696e+01,1.482348547622187880e+02
2.139331609554711804e+02,-3.771764737202116180e+01,1.487188348596479557e+02
2.139402321302050609e+02,-3.798409227289209866e+01,1.492314696763838526e+02
2.139483282249510694e+02,-3.826037630043119009e+01,1.497723916758420160e+02
2.139575338425826772e+02,-3.854465881938874361e+01,1.503420033628805754e+02
2.139682345889269186e+02,-3.883612813872222347e+01,1.509401054064111634e+02
2.139798483931103306e+02,-3.913586525155157858e+01,1.515652294140219851e+02
2.139930648290944930e+02,-3.944075697519024715e+01,1.522185071071804998e+02
2.140076763650796750e+02,-3.975140202693998503e+01,1.528987391748426035e+02
2.140235230651295808e+02,-4.006804831621469987e+01,1.536049092804345264e+02
2.140415249562869064e+02,-4.038643121977418815e+01,1.543387668766265222e+02
2.140602784078324987e+02,-4.071159944559298793e+01,1.550962533110989909e+02
2.140819149607576435e+02,-4.103473281618214230e+01,1.558818990186890403e+02
2.141039887585398844e+02,-4.136492704876335580e+01,1.566890764690952835e+02
2.141295344370674343e+02,-4.169044540979579949e+01,1.575240959937425487e+02
2.141554374931333200e+02,-4.202261991473910285e+01,1.583788790958357140e+02
2.141849983228171368e+02,-4.234803501336621423e+01,1.592607105828019485e+02
2.142152549674972875e+02,-4.267780473453385071e+01,1.601616141334700387e+02
2.142488892260135742e+02,-4.300158764874705497e+01,1.610869417238509413e+02
2.142835570294511172e+02,-4.332734626066011430e+01,1.620306102131361570e+02
2.143209809207801015e+02,-4.364853844497277890e+01,1.629955732646925526e+02
2.143608770314727110e+02,-4.396585555027977676e+01,1.639802530484349745e+02
2.144019640635481210e+02,-4.428348376889085358e+01,1.649808708106230313e+02
2.144474481504690004e+02,-4.458942896713480053e+01,1.660037275286529734e+02
2.144930417119560957e+02,-4.489884491958552104e+01,1.670381755576447063e+02
2.145433415206953782e+02,-4.519452889868105672e+01,1.680937308443994027e+02
2.145948473791953006e+02,-4.548901985141392146e+01,1.691613594292738014e+02
2.146486793063409380e+02,-4.577779648530858481e+01,1.702426467226752607e+02
2.147062811760166596e+02,-4.605523980138074336e+01,1.713398556110157358e+02
2.147639138083678745e+02,-4.633422310796972710e+01,1.724436957391687031e+02
2.148271114878280628e+02,-4.659485457846137280e+01,1.735653357116567577e+02
2.148910381578754425e+02,-4.685411538385692864e+01,1.746929138847425236e+02
2.149573892826145993e+02,-4.710518820282674568e+01,1.758294035887250857e+02
2.150273130087591369e+02,-4.734383573605128248e+01,1.769761858332510656e+02
2.150971350642528250e+02,-4.758255684660559126e+01,1.781241741524648603e+02
2.151792422724485618e+02,-4.782054028833594117e+01,1.793875420063646686e+02
2.152524922011469073e+02,-4.802988183570748504e+01,1.805101306228014835e+02
2.153279038645995627e+02,-4.822783582615370790e+01,1.816299715853185432e+02
2.154054108573114092e+02,-4.841367304114385917e+01,1.827459349351400988e+02
2.154824878752833399e+02,-4.859871446749426127e+01,1.838574762239568088e+02
2.155634855996416945e+02,-4.876267718816384189e+01,1.849625240513045412e+02
2.156442539627699659e+02,-4.892413301354622490e+01,1.860608954961870438e+02
2.157261952867836214e+02,-4.907635899991643669e+01,1.871511880352642834e+02
2.158099132772461246e+02,-4.921625968637220438e+01,1.882321825329806302e+02
2.158928437838205525e+02,-4.935474215078995996e+01,1.893033481251932528e+02
2.159786265570045600e+02,-4.947492352469265597e+01,1.903628154964814883e+02
2.160636686510405866e+02,-4.959251131861513784e+01,1.914103065600874061e+02
2.161494475071825150e+02,-4.970041985664271778e+01,1.924444494073874239e+02
2.162357412757970678e+02,-4.979940452050320943e+01,1.934642647235456252e+02
2.163213728912911620e+02,-4.989405504844231132e+01,1.944689739104876480e+02
2.164081267731056357e+02,-4.997606720705689298e+01,1.954571867603255555e+02
2.164934630626946443e+02,-5.005630416919487402e+01,1.964284590510221733e+02
2.165797769934266910e+02,-5.012386043241020417e+01,1.973813064251669118e+02
2.166646226319745665e+02,-5.018879208806676928e+01,1.983152806066921130e+02
2.167495072736414556e+02,-5.024456572148841360e+01,1.992291445836810340e+02
2.168330630751089529e+02,-5.029619047500179363e+01,2.001222436691153064e+02
2.169160589309826435e+02,-5.034045895118157432e+01,2.009935419073437970e+02
2.169975871412916320e+02,-5.038048298333340114e+01,2.018423337090484608e+02
2.170781132349075619e+02,-5.041397495845998833e+01,2.026676719207517863e+02
2.171568265243776636e+02,-5.044404740679395616e+01,2.034688949200731827e+02
2.172343984540178781e+02,-5.046780364488844839e+01,2.042450718344449001e+02
2.173096990715848449e+02,-5.048916218347544316e+01,2.049956296147188652e+02
2.173835459088808477e+02,-5.050470907471900972e+01,2.057196616283641220e+02
2.174551198692049354e+02,-5.051768391652203150e+01,2.064166114438461648e+02
2.175244478347854624e+02,-5.052750238842684638e+01,2.070857638258616760e+02
2.175915102157166530e+02,-5.053367648347241214e+01,2.077264357678019735e+02
2.176560899692443058e+02,-5.053777742394878203e+01,2.083380695433120593e+02
2.177178767857752746e+02,-5.053976206113973291e+01,2.089200621603647789e+02
2.177770258754042914e+02,-5.053912012138971477e+01,2.094718135916534152e+02
2.178332975468826760e+02,-5.053697758565920140e+01,2.099928332312154282e+02
2.178864658793488900e+02,-5.053353875730786626e+01,2.104826179375383788e+02
2.179365744324783520e+02,-5.052900661683199246e+01,2.109406926508437436e+02
2.179833664116478928e+02,-5.052359538219476320e+01,2.113666170623521054e+02
2.180268257145095561e+02,-5.051759521041461198e+01,2.117599837313124738e+02
2.180668621386930681e+02,-5.051126713619176911e+01,2.121204167336163948e+02
2.181033728435039620e+02,-5.050483139361614349e+01,2.124475708996582455e+02
2.181362470000252074e+02,-5.049842273639659140e+01,2.127411300509424166e+02
2.181654191047400957e+02,-5.049233205822385884e+01,2.130008179851230352e+02
2.181908794066833366e+02,-5.048674351857730613e+01,2.132263864848842161e+02
2.182124485000481116e+02,-5.048176450944319527e+01,2.134176191783921865e+02
2.182302219406315373e+02,-5.047754225265465777e+01,2.135743327826009477e+02
2.182440409680449420e+02,-5.047414811921843381e+01,2.136963771427464565e+02
2.182539393542477910e+02,-5.047166995218847774e+01,2.137836352622126412e+02
2.182598799054535732e+02,-5.047015558854436534e+01,2.138360233999502498e+02
2.182619080599221206e+02,-5.046965589269804298e+01,2.138534916366486982e+02
