4.817743958047106645e+01,1.835071399521740716e+02,1.445549380132171109e+02
4.818774027605046939e+01,1.835068094284335700e+02,1.445686925915446466e+02
4.821855156347545801e+01,1.835057219283152392e+02,1.446099750467110425e+02
4.826974825664526492e+01,1.835039922198822637e+02,1.446788308402864232e+02
4.834107502080134111e+01,1.835016783739723110e+02,1.447753380211148624e+02
4.843215577067808653e+01,1.834987974203831129e+02,1.448996044934522729e+02
4.854256645363677336e+01,1.834955458016281113e+02,1.450517673666421956e+02
4.867175249563479156e+01,1.834920394606341745e+02,1.452319918743475284e+02
4.881905644767537922e+01,1.834883924247243669e+02,1.454404701719192872e+02
4.898377637543126895e+01,1.834848158134080052e+02,1.456774044626965292e+02
4.916531341509584507e+01,1.834815955559965630e+02,1.459429064058465144e+02
4.936271538522796476e+01,1.834787425515664836e+02,1.462372207083465128e+02
4.957550477784221954e+01,1.834764709958226092e+02,1.465602872843617490e+02
4.980298145476070459e+01,1.834748966904590759e+02,1.469121320782200257e+02
5.004434560240343188e+01,1.834741494661398349e+02,1.472928111588633442e+02
5.029890205457565600e+01,1.834744215411354560e+02,1.477022883223924055e+02
5.056611444220850871e+01,1.834758260672356016e+02,1.481403704193175770e+02
5.084536899575046220e+01,1.834783158492543578e+02,1.486068445532676492e+02
5.113530314350487771e+01,1.834823672962185412e+02,1.491020605488048432e+02
5.143473628940974152e+01,1.834882785166710732e+02,1.496261768444445011e+02
5.174458855898134857e+01,1.834955206422960146e+02,1.501777747111545125e+02
5.206385102593657166e+01,1.835042616877560135e+02,1.507568053249431159e+02
5.238894991607644158e+01,1.835158595000762602e+02,1.513651082362339366e+02
5.272306718242961665e+01,1.835288662064743903e+02,1.519994991100602704e+02
5.306298616936487633e+01,1.835443438083144372e+02,1.526614587402486620e+02
5.340838099682736129e+01,1.835622724548305769e+02,1.533503265510446170e+02
5.376021114244933585e+01,1.835820362509940367e+02,1.540644496890954827e+02
5.411391831538570329e+01,1.836054262156980315e+02,1.548062468284833528e+02
5.447433611342597715e+01,1.836301896803463194e+02,1.555711409406682719e+02
5.483366023042623283e+01,1.836594151707543858e+02,1.563638825334044782e+02
5.519924626488884911e+01,1.836899152089385723e+02,1.571780031101698683e+02
5.556189350331068511e+01,1.837252419198563018e+02,1.580192086058104906e+02
5.592914023463275441e+01,1.837620052010730944e+02,1.588808204142279976e+02
5.629250714098480302e+01,1.838038142549170573e+02,1.597680399083735949e+02
5.665814748935881795e+01,1.838477086781525713e+02,1.606751363344376671e+02
5.702251342271499368e+01,1.838950886151843349e+02,1.616035926099958147e+02
5.738291223559009069e+01,1.839469697686720053e+02,1.625542342274408156e+02
5.774634113161385329e+01,1.839999782512794582e+02,1.635206358366528718e+02
5.809844942645594301e+01,1.840603067649704769e+02,1.645122665369264325e+02
5.845495759274037084e+01,1.841208359479423393e+02,1.655162005795612856e+02
5.880089911118905377e+01,1.841880340039597854e+02,1.665423347717921558e+02
5.914529824996570539e+01,1.842576326502689597e+02,1.675826742553260544e+02
5.948654673794106174e+01,1.843302318394110841e+02,1.686371583086979626e+02
5.981650544293663074e+01,1.844092013940123422e+02,1.697105492799342699e+02
6.014863197451553134e+01,1.844883225744729600e+02,1.707915221811958872e+02
6.046553238829049093e+01,1.845753398192126156e+02,1.718917662975651979e+02
6.078029104029535290e+01,1.846640691467066802e+02,1.730001905187374405e+02
6.108936319262642201e+01,1.847560072422241433e+02,1.741181395968665981e+02
6.138541979699883200e+01,1.848541501415340917e+02,1.752497323053882212e+02
6.168185386111304780e+01,1.849522457078510058e+02,1.763836470903145255e+02
6.196137434894887264e+01,1.850581429398903879e+02,1.775315036596370533e+02
6.226101964577956238e+01,1.851747452451186007e+02,1.787818932928641686e+02
6.251788189552055997e+01,1.852813286510921387e+02,1.798930386075252841e+02
6.276052157154607158e+01,1.853919020705288006e+02,1.810013238859035312e+02
6.300227061027114672e+01,1.855020108627682305e+02,1.821063170380925555e+02
6.322472013917822409e+01,1.856176443926961497e+02,1.832060376600076665e+02
6.344219060407097999e+01,1.857337822015240363e+02,1.843001129391983000e+02
6.365264254501732921e+01,1.858510079313890628e+02,1.853873725442185503e+02
6.384712257664754276e+01,1.859721582089318588e+02,1.864663148776268429e+02
6.403974224792315795e+01,1.860923242282563024e+02,1.875365755380302915e+02
6.421628448578178450e+01,1.862160120333889779e+02,1.885964124642071624e+02
6.438645299015013279e+01,1.863400046298492612e+02,1.896452603622472850e+02
6.454956543286577642e+01,1.864642400374896170e+02,1.906820605538197242e+02
6.469889172429942903e+01,1.865908240909636504e+02,1.917054677303117955e+02
6.484596125490693908e+01,1.867157244434497727e+02,1.927150436755287615e+02
6.497712523616772273e+01,1.868434068024793930e+02,1.937091298056316759e+02
6.510449408440418040e+01,1.869696536438176508e+02,1.946873443617232340e+02
6.522184269628772313e+01,1.870963513289486571e+02,1.956484237133743420e+02
6.533137098106837470e+01,1.872225907925555646e+02,1.965915329108850074e+02
6.543431161966039156e+01,1.873478080856883423e+02,1.975158067359792824e+02
6.552761603354024089e+01,1.874729478218675922e+02,1.984201875472610936e+02
6.561617618591421319e+01,1.875961596628295638e+02,1.993040277378839562e+02
6.569487473063770722e+01,1.877190318020074926e+02,2.001662083636323928e+02
6.576945205180938103e+01,1.878394714936567595e+02,2.010061638146677296e+02
6.583513406054021289e+01,1.879589122777335604e+02,2.018228352654433024e+02
6.589650552890662993e+01,1.880757196539980498e+02,2.026156438853545296e+02
6.595074582131503860e+01,1.881907485177482613e+02,2.033836714370364405e+02
6.599999869646363493e+01,1.883030340632461161e+02,2.041262692356977482e+02
6.604425111573803520e+01,1.884125481350399127e+02,2.048427048111378781e+02
6.608267262488541860e+01,1.885193423354304798e+02,2.055322340853062428e+02
6.611756191811269900e+01,1.886226335208567946e+02,2.061942895062512378e+02
6.614731508059267640e+01,1.887227834759488019e+02,2.068281417292071751e+02
6.617317994228918110e+01,1.888192556608196639e+02,2.074332279115544679e+02
6.619582375008768338e+01,1.889118221880822546e+02,2.080089834090744887e+02
6.621509007200306485e+01,1.890002870940340358e+02,2.085548355998948296e+02
6.623092028542455978e+01,1.890846812030395654e+02,2.090702423493881099e+02
6.624418827208081950e+01,1.891645350364708804e+02,2.095547398434525803e+02
6.625513975915347942e+01,1.892397746144622488e+02,2.100078613040276423e+02
6.626397607378018506e+01,1.893101789239203754e+02,2.104291710307662413e+02
6.627097544967161014e+01,1.893756005078712974e+02,2.108182670350346655e+02
6.627641541417803239e+01,1.894358921819212753e+02,2.111747790745494626e+02
6.628050398372397467e+01,1.894909228926757692e+02,2.114983657664391501e+02
6.628345901689374386e+01,1.895404875431642324e+02,2.117887197340177465e+02
6.628557712768353838e+01,1.895845503043291558e+02,2.120455674744739269e+02
6.628704571207912011e+01,1.896229307269729532e+02,2.122686658445620935e+02
6.628804379481250919e+01,1.896556179028846998e+02,2.124578022569129132e+02
6.628868185613666242e+01,1.896824730970329256e+02,2.126127965076508133e+02
6.628903795431969570e+01,1.897033436131412998e+02,2.127335009223787097e+02
6.628924669742669096e+01,1.897183251780322450e+02,2.128198006716604311e+02
6.628933481905092151e+01,1.897273058534249515e+02,2.128716131720159410e+02
6.628936058618241134e+01,1.897303119082148157e+02,2.128888893638325328e+02
