-7.191680123156740478e+01,-1.039352876290160026e+02,-5.868549937892317558e+01
-7.190736505192023742e+01,-1.039449636338748633e+02,-5.866822093421242101e+01
-7.188009528021079575e+01,-1.039757011852669706e+02,-5.861637853650395158e+01
-7.183429725718389136e+01,-1.040260867679809280e+02,-5.852997185130734437e+01
-7.177022207141574484e+01,-1.040962001492985394e+02,-5.840899895075917669e+01
-7.168826314358551599e+01,-1.041862250902978673e+02,-5.825345687461467037e+01
-7.158891192358561284e+01,-1.042963752362714587e+02,-5.806334250114808526e+01
-7.147208879205773258e+01,-1.044257335493103938e+02,-5.783865165321366675e+01
-7.133869952938898962e+01,-1.045746619207690458e+02,-5.757927250989509105e+01
-7.118949025817757104e+01,-1.047427607872049862e+02,-5.728496391552009470e+01
-7.102339068039519532e+01,-1.049272245687663059e+02,-5.695581186499595816e+01
-7.084065133284420313e+01,-1.051271571174128354e+02,-5.659181258414670879e+01
-7.064315872672426622e+01,-1.053441894035897377e+02,-5.619289902052675956e+01
-7.043452401798765550e+01,-1.055825341548194416e+02,-5.575890353355029561e+01
-7.020959893468466362e+01,-1.058319308694596543e+02,-5.528996763803237258e+01
-6.997343915144847415e+01,-1.060980445406651853e+02,-5.478563212242558222e+01
-6.972407651160978048e+01,-1.063753170706631863e+02,-5.424583725204472273e+01
-6.946579905842051517e+01,-1.066693250852311508e+02,-5.367068347186069843e+01
-6.919681173928840678e+01,-1.069749680577295265e+02,-5.306026566530563571e+01
-6.891550835781544038e+01,-1.072868553825858982e+02,-5.241449578015254218e+01
-6.863305512312747680e+01,-1.076195052354484858e+02,-5.173250827113582062e+01
-6.834054928201940982e+01,-1.079554743857155614e+02,-5.101452411771792583e+01
-6.804074614000920462e+01,-1.082995541814995022e+02,-5.026156903450240065e+01
-6.773781497318344691e+01,-1.086570553735280527e+02,-4.947399307110695332e+01
-6.743561409320287225e+01,-1.090266483387198235e+02,-4.864991751196465231e+01
-6.712626097509343026e+01,-1.093939522126324988e+02,-4.779021551996903128e+01
-6.681625334285449469e+01,-1.097736548016959830e+02,-4.689734784511219345e+01
-6.651086453839884882e+01,-1.101613823357707531e+02,-4.596751053280801358e+01
-6.619978156663013635e+01,-1.105443622872829650e+02,-4.500385568329434705e+01
-6.589629739154246124e+01,-1.109459940863471417e+02,-4.400781655309786089e+01
-6.559556038575161097e+01,-1.113398446788627183e+02,-4.297401463110127651e+01
-6.529223948026329083e+01,-1.117377327293436338e+02,-4.191164103129553098e+01
-6.500099398606727163e+01,-1.121334592094112139e+02,-4.081033800488513208e+01
-6.471702719873266574e+01,-1.125401917551692463e+02,-3.967951479083190236e+01
-6.443874131602900945e+01,-1.129364719651640314e+02,-3.851366933488682776e+01
-6.416830599153779247e+01,-1.133456807689396442e+02,-3.732157670783630010e+01
-6.390819837742120058e+01,-1.137418686784708086e+02,-3.609349105760920651e+01
-6.365729116859547787e+01,-1.141486120544111884e+02,-3.484043335888617321e+01
-6.342040234097983387e+01,-1.145427455754837212e+02,-3.355223029031128590e+01
-6.319207031916219108e+01,-1.149446008178785377e+02,-3.224153186672787541e+01
-6.298340779660681221e+01,-1.153348630536224420e+02,-3.089557965694743302e+01
-6.278037070672829145e+01,-1.157300709520287398e+02,-2.953118070733390965e+01
-6.260371219871289128e+01,-1.161140100115536313e+02,-2.813054904383179888e+01
-6.242855816238926536e+01,-1.165012868705166085e+02,-2.671678475963015842e+01
-6.228670421592197215e+01,-1.168766648106836499e+02,-2.526537300690316457e+01
-6.214338128339682754e+01,-1.172537517593355147e+02,-2.380544721122160823e+01
-6.203649705465043951e+01,-1.176194825385729956e+02,-2.230937776683743223e+01
-6.192972641778506215e+01,-1.179835154961817665e+02,-2.080585296764804681e+01
-6.185337316089037074e+01,-1.183400378156186434e+02,-1.927485547954612954e+01
-6.178146189271905797e+01,-1.186915714389764673e+02,-1.773575989462217350e+01
-6.173307269913330231e+01,-1.190380654135861249e+02,-1.617793610891799361e+01
-6.169075644667491076e+01,-1.193958168859813753e+02,-1.453522842880886756e+01
-6.167115632713279894e+01,-1.197057971342217257e+02,-1.307547343297442310e+01
-6.166130586580284501e+01,-1.200092288622213914e+02,-1.162047070870050014e+01
-6.166118947047676357e+01,-1.203054286520200264e+02,-1.017168441832720305e+01
-6.167696327316285476e+01,-1.205936762336290968e+02,-8.731456631952372760e+00
-6.169582951565818973e+01,-1.208757285904394081e+02,-7.299220497029597965e+00
-6.173517707276580779e+01,-1.211487016345199379e+02,-5.879083459603627659e+00
-6.177441029356725011e+01,-1.214178631711527885e+02,-4.469063745320617009e+00
-6.183289209491781691e+01,-1.216736920051472737e+02,-3.074077885593593074e+00
-6.189429621078102883e+01,-1.219282283353264802e+02,-1.692174368364379955e+00
-6.196709023583849074e+01,-1.221680648357312009e+02,-3.270138785729665987e-01
-6.204699369107084550e+01,-1.224067896719836455e+02,1.021792716905009391e+00
-6.213465781180698855e+01,-1.226316270239229027e+02,2.351778929175831756e+00
-6.223105973941378721e+01,-1.228542828551421451e+02,3.662461589684546492e+00
-6.233216058288801520e+01,-1.230623567230806117e+02,4.952107273378441477e+00
-6.244173065660879018e+01,-1.232664526943566017e+02,6.219780878457396689e+00
-6.256007373582132658e+01,-1.234655344014479681e+02,7.464104025742010151e+00
-6.268069513363725775e+01,-1.236511919924449643e+02,8.684081885173876358e+00
-6.281018151596669696e+01,-1.238327660608699006e+02,9.878338459858042597e+00
-6.294092125711043906e+01,-1.240028433764338160e+02,1.104616644014654270e+01
-6.308054427636871253e+01,-1.241681289743138734e+02,1.218587327171457879e+01
-6.321889754245840010e+01,-1.243231286942394291e+02,1.329732258223132746e+01
-6.336670896503724748e+01,-1.244723692428835875e+02,1.437825474165504325e+01
-6.351378690301555707e+01,-1.246150975448505562e+02,1.542898427490955093e+01
-6.366394601754023341e+01,-1.247462768852228976e+02,1.644750764249882735e+01
-6.381640112490151751e+01,-1.248731365706292706e+02,1.743351560854442539e+01
-6.396727775947544359e+01,-1.249914432143399665e+02,1.838622777503011108e+01
-6.412186442201503667e+01,-1.251027568995474297e+02,1.930406739866685584e+01
-6.427486071213469643e+01,-1.252077818629831114e+02,2.018692887832218119e+01
-6.442568710878435922e+01,-1.253059966441242636e+02,2.103396762973934386e+01
-6.457597549792212988e+01,-1.253964770692743258e+02,2.184402612446070435e+01
-6.472392641572210437e+01,-1.254812085135115041e+02,2.261671067488088482e+01
-6.486830163630109780e+01,-1.255598126036056925e+02,2.335139003914395062e+01
-6.500872796830321931e+01,-1.256323255326773136e+02,2.404738136913112712e+01
-6.514470159730819887e+01,-1.256989472129955061e+02,2.470407211099772837e+01
-6.527559123304423849e+01,-1.257598926573251248e+02,2.532090802744432168e+01
-6.540063010808900401e+01,-1.258152130848515924e+02,2.589738028273534809e+01
-6.551929540687967801e+01,-1.258653901986897665e+02,2.643302088203670408e+01
-6.563075971915738194e+01,-1.259103355346515372e+02,2.692739909795823650e+01
-6.573455375785499655e+01,-1.259505086396391391e+02,2.738011956063005670e+01
-6.583049112806010328e+01,-1.259863731125621911e+02,2.779078875388575653e+01
-6.591733652828895629e+01,-1.260171252845779435e+02,2.815910058869075527e+01
-6.599507858652120262e+01,-1.260436871619989176e+02,2.848475922506118252e+01
-6.606376562862321578e+01,-1.260670625956976068e+02,2.876751008541072707e+01
-6.612180500379882631e+01,-1.260853051117753978e+02,2.900713308342533736e+01
-6.617021979022099742e+01,-1.261008807366406046e+02,2.920344205456928677e+01
-6.620790270148749812e+01,-1.261124436716812625e+02,2.935628471648675131e+01
-6.623510211474476250e+01,-1.261208717927312790e+02,2.946554263755757219e+01
-6.625159054610566045e+01,-1.261260901422381266e+02,2.953113105800600380e+01
-6.625702540212340352e+01,-1.261276941732665620e+02,2.955299886627958372e+01
