-2.701780353259918499e+01,7.144634212287412822e+01,-5.098384755934184653e+01
-2.701725700207796166e+01,7.143831065696588212e+01,-5.099515474757511413e+01
-2.701747517318139202e+01,7.142833150880454696e+01,-5.100910987819982267e+01
-2.701907683712190433e+01,7.141613677594237686e+01,-5.102602331978655315e+01
-2.702274448125888995e+01,7.140208554694171994e+01,-5.104532066824670267e+01
-2.702914869729081460e+01,7.138648400985921683e+01,-5.106650321120751101e+01
-2.703895223129497083e+01,7.136963880967699936e+01,-5.108907303121921473e+01
-2.705281183209808304e+01,7.135188999800504916e+01,-5.111248699518370842e+01
-2.707137928585553865e+01,7.133363630983181736e+01,-5.113612164491855339e+01
-2.709530246956501998e+01,7.131536039087841061e+01,-5.115923822204718618e+01
-2.712522708675249206e+01,7.129766003967270649e+01,-5.118093926430045570e+01
-2.716179994938474351e+01,7.128129338014944949e+01,-5.120010559973833608e+01
-2.720567536769974026e+01,7.126725231046074782e+01,-5.121529349549663834e+01
-2.725752807693276836e+01,7.125689578319713746e+01,-5.122454744000643245e+01
-2.731770394461950602e+01,7.124873006267812059e+01,-5.122991139750236300e+01
-2.738632790946225271e+01,7.123941837885234918e+01,-5.123600952655365859e+01
-2.746385442431741808e+01,7.122888807278030754e+01,-5.124289009880587287e+01
-2.755071448849166060e+01,7.121707678549745424e+01,-5.125058788703566393e+01
-2.764731364860448792e+01,7.120392500780056366e+01,-5.125913462211821070e+01
-2.775403089455427974e+01,7.118937624733565883e+01,-5.126855878859411320e+01
-2.787121763026797439e+01,7.117337718923863576e+01,-5.127888540123024086e+01
-2.799919672425867034e+01,7.115587787440715317e+01,-5.129013577724251149e+01
-2.813826164254021123e+01,7.113683189292947873e+01,-5.130232730041410605e+01
-2.828867566654696475e+01,7.111619659294430562e+01,-5.131547317617310711e+01
-2.845067119858084936e+01,7.109393330578069481e+01,-5.132958217808123891e+01
-2.862444915953962976e+01,7.107000761054150928e+01,-5.134465840334872411e+01
-2.881017848503606160e+01,7.104438967627574186e+01,-5.136070106699086324e+01
-2.900799570200494415e+01,7.101705450581846435e+01,-5.137770421067065740e+01
-2.921800460185368209e+01,7.098798221642890383e+01,-5.139565642789376909e+01
-2.944027600634631625e+01,7.095715835080888212e+01,-5.141454060661929759e+01
-2.967484762414993682e+01,7.092457430221580239e+01,-5.143433376245656774e+01
-2.992172400684032851e+01,7.089022774877209088e+01,-5.145500690237989261e+01
-3.018087657453856565e+01,7.085412285404989063e+01,-5.147652474565084191e+01
-3.045224374838581127e+01,7.081627058372332328e+01,-5.149884556239231159e+01
-3.073573121154077015e+01,7.077668926814628492e+01,-5.152192123548202574e+01
-3.103121221853799128e+01,7.073540490998804842e+01,-5.154569719325666455e+01
-3.133852795923412415e+01,7.069245128462550554e+01,-5.157011225803427834e+01
-3.165748808166490136e+01,7.064787046109745461e+01,-5.159509887931359629e+01
-3.198787126941943626e+01,7.060171315635663802e+01,-5.162058333601901694e+01
-3.232942581489464118e+01,7.055403860603985322e+01,-5.164648568598254741e+01
-3.268187040319977399e+01,7.050491509607414287e+01,-5.167272030864570098e+01
-3.304489487615867915e+01,7.045442000292841556e+01,-5.169919620882129152e+01
-3.341816102262657751e+01,7.040263954553054759e+01,-5.172581723571850176e+01
-3.380130359238516036e+01,7.034966917406963205e+01,-5.175248290251195016e+01
-3.419393115295031293e+01,7.029561300859742801e+01,-5.177908864638217779e+01
-3.459562719982183410e+01,7.024058398745627585e+01,-5.180552675002002871e+01
-3.500595123843625345e+01,7.018470347960746381e+01,-5.183168700729181211e+01
-3.542443999650792108e+01,7.012810068799264229e+01,-5.185745733615364372e+01
-3.585060877547571323e+01,7.007091247086813723e+01,-5.188272477037256891e+01
-3.628395261024321883e+01,7.001328235009329148e+01,-5.190737594495011820e+01
-3.672394773555518555e+01,6.995536028697142683e+01,-5.193129824512274695e+01
-3.717005279756873648e+01,6.989730144158201597e+01,-5.195438028919767248e+01
-3.762171040809635514e+01,6.983926572532560328e+01,-5.197651307487726768e+01
-3.807834842905814554e+01,6.978141643669754046e+01,-5.199759050819191231e+01
-3.853938158106412715e+01,6.972391955494414617e+01,-5.201751047064948352e+01
-3.900421279750776193e+01,6.966694229735608701e+01,-5.203617537297849083e+01
-3.947223487305087275e+01,6.961065218568300850e+01,-5.205349310681764763e+01
-3.994283187560228754e+01,6.955521556108112691e+01,-5.206937758723454124e+01
-4.041538082665384479e+01,6.950079648068415850e+01,-5.208374956523396548e+01
-4.088925316117283160e+01,6.944755524329720231e+01,-5.209653713066803249e+01
-4.136381643081049475e+01,6.939564717640885760e+01,-5.210767636079228282e+01
-4.183843574344408012e+01,6.934522124910661489e+01,-5.211711177388585270e+01
-4.231247476937743812e+01,6.929641880142040122e+01,-5.212479690412596511e+01
-4.278529652304334974e+01,6.924937211211872068e+01,-5.213069502848651382e+01
-4.325626494452328075e+01,6.920420285008009387e+01,-5.213477985199723008e+01
-4.372474643807304773e+01,6.916102077621546584e+01,-5.213703622661107318e+01
-4.419011157150724500e+01,6.911992233072456315e+01,-5.213746059262248167e+01
-4.465173670065101419e+01,6.908098968923904692e+01,-5.213606155828719579e+01
-4.510900570005083665e+01,6.904428959802839927e+01,-5.213286007803256439e+01
-4.556131162370819254e+01,6.900987280350528863e+01,-5.212788982973911089e+01
-4.600805840323168638e+01,6.897777313155421552e+01,-5.212119707080643849e+01
-4.644866246807545451e+01,6.894800746668198599e+01,-5.211284091778401262e+01
-4.688255429553871778e+01,6.892057512803370400e+01,-5.210289292675773254e+01
-4.730918052650692829e+01,6.889548888284608097e+01,-5.209139680950944040e+01
-4.772800846551697163e+01,6.887296283501319749e+01,-5.207811844418656477e+01
-4.813852111152083779e+01,6.885326331105888187e+01,-5.206274507081884906e+01
-4.854021824041032573e+01,6.883659828467801844e+01,-5.204503027219823252e+01
-4.893262426207474647e+01,6.882311705569425442e+01,-5.202479489935568324e+01
-4.931529347148632070e+01,6.881291129011108865e+01,-5.200192494458470804e+01
-4.968781457145867364e+01,6.880601760562164770e+01,-5.197636847493932066e+01
-5.004981472247148133e+01,6.880242138859438228e+01,-5.194813163225816766e+01
-5.040096237129843360e+01,6.880206063590303245e+01,-5.191727312079037659e+01
-5.074096823965806635e+01,6.880483162941099806e+01,-5.188389908719713617e+01
-5.106958396899150898e+01,6.881059378520255621e+01,-5.184815707074181290e+01
-5.138659890042764999e+01,6.881917486867382650e+01,-5.181023057070771642e+01
-5.169183606462637215e+01,6.883037625485572164e+01,-5.177033437721687648e+01
-5.198514820075477871e+01,6.884397686377485570e+01,-5.172870969243677308e+01
-5.226641368804477139e+01,6.885973732903261180e+01,-5.168562028372589623e+01
-5.253553611705544313e+01,6.887740382700472708e+01,-5.164134884508084866e+01
-5.279244602687299448e+01,6.889671146151296455e+01,-5.159619250166957727e+01
-5.303710232218944043e+01,6.891738816706863702e+01,-5.155045818415403147e+01
-5.326949335255066842e+01,6.893915896498535290e+01,-5.150445803473920137e+01
-5.348963769202831742e+01,6.896174984309611489e+01,-5.145850453927900503e+01
-5.369758467515121225e+01,6.898489131704484123e+01,-5.141290563023900972e+01
-5.389341474835045886e+01,6.900832212104127450e+01,-5.136796026138414106e+01
-5.407723963970533987e+01,6.903179259075650975e+01,-5.132395426427125784e+01
-5.424920235715436689e+01,6.905506754831377236e+01,-5.128115645675251955e+01
-5.440947703727668028e+01,6.907792879583895740e+01,-5.123981517011594633e+01
-5.455826865641590473e+01,6.910017717947958715e+01,-5.120015523018530956e+01
-5.469581262294646251e+01,6.912163435655065769e+01,-5.116237553221131407e+01
-5.482237425131076947e+01,6.914214409019966467e+01,-5.112664709989281420e+01
-5.493824812808500013e+01,6.916157310522864066e+01,-5.109311165529397414e+01
-5.504375737934453383e+01,6.917981154626284024e+01,-5.106188071413011187e+01
-5.513925284627116952e+01,6.919677305907025300e+01,-5.103303518975872777e+01
-5.522511217510626835e+01,6.921239452036024886e+01,-5.100662547849227479e+01
-5.530173882591419243e+01,6.922663542511502044e+01,-5.098267197480825530e+01
-5.536956100842113671e+01,6.923947703859762726e+01,-5.096116602732512035e+01
-5.542903054771749538e+01,6.925189474493049602e+01,-5.094074794467228173e+01
-5.548062168165856178e+01,6.926497847540673547e+01,-5.091989959746655359e+01
-5.552482979611791336e+01,6.927848414719163372e+01,-5.089891554968114207e+01
-5.556217010187676664e+01,6.929218738729768745e+01,-5.087806468793856851e+01
-5.559317625701018528e+01,6.930588419254253552e+01,-5.085758912912152141e+01
-5.561839893870894258e+01,6.931938706075393952e+01,-5.083770928726934102e+01
-5.563840436842215098e+01,6.933252127172923451e+01,-5.081862875083825770e+01
-5.565377279429714719e+01,6.934512089172835658e+01,-5.080053955712313751e+01
-5.566509693498407785e+01,6.935702392720587284e+01,-5.078362865302324991e+01
-5.567298038896117873e+01,6.936806567572314464e+01,-5.076808684793967075e+01
-5.567803601362298593e+01,6.937806841901796417e+01,-5.075412279972501750e+01
-5.568088427845276556e+01,6.938682337736517525e+01,-5.074198761964503035e+01
-5.568215159667317238e+01,6.939405655949653351e+01,-5.073202154443683298e+01
-5.568246863983171124e+01,6.939993333562880196e+01,-5.072396356867545109e+01
-5.568215159667317238e+01,6.940582672800951514e+01,-5.071591773762285271e+01
-5.568088427845276556e+01,6.941312633924709985e+01,-5.070600021501989829e+01
-5.567803601362298593e+01,6.942203064720479233e+01,-5.069397419360669943e+01
-5.567298038896117873e+01,6.943229866067059675e+01,-5.068020402964874194e+01
-5.566509693498412048e+01,6.944375450831782359e+01,-5.066496488694784261e+01
-5.565377279429754509e+01,6.945625333786706790e+01,-5.064848944489144600e+01
-5.563840436842485104e+01,6.946966335131176606e+01,-5.063099256251752678e+01
-5.561839893872340923e+01,6.948385560839035691e+01,-5.061268534515636475e+01
-5.559317625707416255e+01,6.949869751499439019e+01,-5.059378419782007086e+01
-5.556217010211929619e+01,6.951404813872821364e+01,-5.057451740423789488e+01
-5.552482979692786813e+01,6.952975439652482237e+01,-5.055513053509344701e+01
-5.548062168409065009e+01,6.954564753675710165e+01,-5.053589147223140543e+01
-5.542903055438702609e+01,6.956153948617468075e+01,-5.051709563304857653e+01
-5.536956102532829505e+01,6.957722369052956424e+01,-5.049906500974233836e+01
-5.530173886621061996e+01,6.959381571069458516e+01,-5.048030020266894979e+01
-5.522511226653017502e+01,6.961231492679513622e+01,-5.045945905291807776e+01
-5.513925304470119215e+01,6.963273527496974680e+01,-5.043655677539031501e+01
-5.504375779304650962e+01,6.965506963128991913e+01,-5.041163813741839306e+01
-5.493824895945405729e+01,6.967928916265562123e+01,-5.038477854979520032e+01
-5.482237586641905835e+01,6.970534302912957969e+01,-5.035608479491479272e+01
-5.469581566394965932e+01,6.973315839642793890e+01,-5.032569529059106372e+01
-5.455827421816098877e+01,6.976264080710026860e+01,-5.029377986153690472e+01
-5.440948693755625953e+01,6.979367493198630257e+01,-5.026053898079131699e+01
-5.424921954021656489e+01,6.982612571586051331e+01,-5.022620244902883258e+01
-5.407726876507503988e+01,6.985983989681848527e+01,-5.019102746727897113e+01
-5.389346303195392096e+01,6.989464787140173030e+01,-5.015529606642364513e+01
-5.369766306739143147e+01,6.993036607333280585e+01,-5.011931201093879906e+01
-5.348976249817517470e+01,6.996679970543040383e+01,-5.008339707160007492e+01
-5.326968842519269032e+01,7.000374581941531460e+01,-5.004788668678691010e+01
-5.303740198472320344e+01,7.004099657449160077e+01,-5.001312492677907073e+01
-5.279289892318725919e+01,7.007834278782409854e+01,-4.997945888763173627e+01
-5.253621022984549427e+01,7.011557812705541437e+01,-4.994723281594495035e+01
-5.226740283379646002e+01,7.015250337910431710e+01,-4.991678161411992676e+01
-5.198658040661260316e+01,7.018893060852646215e+01,-4.988842364463779688e+01
-5.169388438476471492e+01,7.022468779797948457e+01,-4.986245329183211084e+01
-5.138949520615432220e+01,7.025962399690025961e+01,-4.983913331068582409e+01
-5.107363116755553278e+01,7.029361406438184190e+01,-4.981868661615911975e+01
-5.074654344371050030e+01,7.032656313350214816e+01,-4.980128887380671188e+01
-5.040851104268983818e+01,7.035841100156049777e+01,-4.978706272309492675e+01
-5.005983539209272237e+01,7.038913476116930212e+01,-4.977607265968779160e+01
-4.970083552593479936e+01,7.041875079947152472e+01,-4.976832159541602607e+01
-4.933184497909197574e+01,7.044731633449939068e+01,-4.976374911034069015e+01
-4.895321071324031692e+01,7.047492899655631504e+01,-4.976222999204119191e+01
-4.856529387500504669e+01,7.050172695595369987e+01,-4.976357443921097001e+01
-4.816847157116379208e+01,7.052788784025705127e+01,-4.976752841852293585e+01
-4.776313902651084931e+01,7.055362727693541558e+01,-4.977377466185809141e+01
-4.734971244244354693e+01,7.057919762700011290e+01,-4.978193466369938847e+01
-4.692863432795042655e+01,7.060488496862436136e+01,-4.979157073763676777e+01
-4.650037214155302223e+01,7.063090456672357220e+01,-4.980233543158267651e+01
-4.606541070279556038e+01,7.065725742600386639e+01,-4.981417444620597479e+01
-4.562425404049415079e+01,7.068391104513037249e+01,-4.982707117931575880e+01
-4.517742474564222022e+01,7.071082848816151056e+01,-4.984100469962895374e+01
-4.472546267532010944e+01,7.073796900066541582e+01,-4.985594975713785004e+01
-4.426892369564549767e+01,7.076528811920742612e+01,-4.987187646745299219e+01
-4.380837838051005662e+01,7.079273826423876415e+01,-4.988875035257275670e+01
-4.334441071674429935e+01,7.082026912970283661e+01,-4.990653224611069305e+01
-4.287761670034709738e+01,7.084782829531866355e+01,-4.992517836034760137e+01
-4.240860292996683967e+01,7.087536172595957851e+01,-4.994464027932877315e+01
-4.193798506002742954e+01,7.090281444245117370e+01,-4.996486508169370921e+01
-4.146638626853928855e+01,7.093013115955227477e+01,-4.998579545451628547e+01
-4.099443549133489739e+01,7.095725697724655845e+01,-5.000736986783168447e+01
-4.052276510725286585e+01,7.098413810062105256e+01,-5.002952290947524716e+01
-4.005200848151852000e+01,7.101072228640009598e+01,-5.005218582361786162e+01
-3.958279827836494746e+01,7.103695930192174046e+01,-5.007528726733268343e+01
-3.911576463386204239e+01,7.106280113475654048e+01,-5.009875393073087224e+01
-3.865153351018622629e+01,7.108820246600463122e+01,-5.012251136562277765e+01
-3.819072482070021124e+01,7.111312073617297358e+01,-5.014648454129041255e+01
-3.773395078234258904e+01,7.113751662070738746e+01,-5.017059869511665227e+01
-3.728181402411222223e+01,7.116135394010058235e+01,-5.019477978252824357e+01
-3.683490595729418260e+01,7.118460011584635083e+01,-5.021895530219176607e+01
-3.639380490546636793e+01,7.120722593591001726e+01,-5.024305461742719103e+01
-3.595907450905664859e+01,7.122920595467252269e+01,-5.026700970189867235e+01
-3.553126192449123977e+01,7.125051816542816141e+01,-5.029075534315294504e+01
-3.511089627086805365e+01,7.127114427917999251e+01,-5.031422974016944494e+01
-3.469848695786901516e+01,7.129106941450100976e+01,-5.033737464765273728e+01
-3.429452217010599924e+01,7.131028212670403832e+01,-5.036013571921112941e+01
-3.389946742488825748e+01,7.132877429135591285e+01,-5.038246270095395829e+01
-3.351376416427315519e+01,7.134654078983295733e+01,-5.040430940806919580e+01
-3.313782849650254292e+01,7.136357976755641630e+01,-5.042563403772214059e+01
-3.277204975596021086e+01,7.137989190531288841e+01,-5.044639875873695445e+01
-3.241678939669331783e+01,7.139548067231039852e+01,-5.046656997601009920e+01
-3.207237980178483383e+01,7.141035183771843720e+01,-5.048611805305669975e+01
-3.173912325710677607e+01,7.142451328524620635e+01,-5.050501723151980826e+01
-3.141729109802673037e+01,7.143797511972863390e+01,-5.052324574103405297e+01
-3.110712280199742708e+01,7.145074899158332471e+01,-5.054078534085191166e+01
-3.080882531814534886e+01,7.146284810582420732e+01,-5.055762133118476953e+01
-3.052257248535495648e+01,7.147428713082874197e+01,-5.057374248050560084e+01
-3.024850447742860382e+01,7.148508167504196820e+01,-5.058914063488717971e+01
-2.998672743539740537e+01,7.149524823990162758e+01,-5.060381065291275604e+01
-2.973731321146580342e+01,7.150480421979133894e+01,-5.061775036367044578e+01
-2.950029915229379185e+01,7.151376750010700789e+01,-5.063096023098101739e+01
-2.927568802502085177e+01,7.152215632026148739e+01,-5.064344319667672778e+01
-2.906344806478339393e+01,7.152998929211643997e+01,-5.065520462644917643e+01
-2.886351309578868296e+01,7.153728530430245769e+01,-5.066625216969077172e+01
-2.867578272743566714e+01,7.154406330991436391e+01,-5.067659553883361667e+01
-2.850012268242806357e+01,7.155034227074763464e+01,-5.068624639853601366e+01
-2.833636522295788396e+01,7.155614112798555482e+01,-5.069521826600306014e+01
-2.818430967188810143e+01,7.156147882644259539e+01,-5.070352644215950022e+01
-2.804372301150303315e+01,7.156637425165284583e+01,-5.071118787533347927e+01
-2.791434056978092570e+01,7.157084618903357409e+01,-5.071822103613119026e+01
-2.779586679559698581e+01,7.157491333718398607e+01,-5.072464582751599949e+01
-2.768797611549540250e+01,7.157859432857824800e+01,-5.073048349825945280e+01
-2.759031386941686037e+01,7.158190775581843468e+01,-5.073575655975913179e+01
-2.750249732258772184e+01,7.158487220215319269e+01,-5.074048870665055944e+01
-2.742411675087192080e+01,7.158750627914187703e+01,-5.074470474464536096e+01
-2.735473659542784119e+01,7.158982866011578494e+01,-5.074843051893352452e+01
-2.729389586121461519e+01,7.159185057172581423e+01,-5.075170355061504068e+01
-2.724075769013950676e+01,7.159035138505954876e+01,-5.075915630953862490e+01
-2.719466244281235845e+01,7.158393544215508086e+01,-5.077282498044157677e+01
-2.715523840718035586e+01,7.157403473590458987e+01,-5.079072550655754981e+01
-2.712205539685347233e+01,7.156172117937212818e+01,-5.081138757357273050e+01
-2.709464065797508781e+01,7.154783910836296457e+01,-5.083366707756333369e+01
-2.707248833064576488e+01,7.153307796140816777e+01,-5.085664297206738382e+01
-2.705506588506884569e+01,7.151801670114338094e+01,-5.087955397903875365e+01
-2.704181908510928878e+01,7.150315433115066810e+01,-5.090175492557855819e+01
-2.703217633415532717e+01,7.148893443191515473e+01,-5.092268153774330131e+01
-2.702555305722039947e+01,7.147576978719824581e+01,-5.094181513278928719e+01
-2.702135694260498155e+01,7.146407473081806927e+01,-5.095863644677593385e+01
-2.701899542151536338e+01,7.145431795421913534e+01,-5.097255061559335587e+01
-2.701780353259918499e+01,7.144634212287412822e+01,-5.098384755934184653e+01
