-2.847314957916213984e+01,5.389883954269730282e+01,-3.685443049649789771e+01
-2.847130350382270336e+01,5.389107550227681287e+01,-3.686571310084705289e+01
-2.846990944560201697e+01,5.388143611577758918e+01,-3.687974768559836747e+01
-2.846954458936001942e+01,5.386966760252282427e+01,-3.689692190054383758e+01
-2.847095131595426665e+01,5.385612238054616085e+01,-3.691674314805284496e+01
-2.847485151565577866e+01,5.384110160659827926e+01,-3.693879340893651886e+01
-2.848195926971160219e+01,5.382490683394882325e+01,-3.696265461258825979e+01
-2.849298802613068204e+01,5.380787197270736044e+01,-3.698786274517107842e+01
-2.850865571997239911e+01,5.379038787315143821e+01,-3.701387281344106128e+01
-2.852968990584681919e+01,5.377292691258125501e+01,-3.704002395911427215e+01
-2.855683454864293580e+01,5.375607346313522328e+01,-3.706549621032845465e+01
-2.859086061965658843e+01,5.374056791841621106e+01,-3.708924776173591908e+01
-2.863258438497986447e+01,5.372737819558907546e+01,-3.710991265814797657e+01
-2.868290192872784061e+01,5.371782932142205169e+01,-3.712561462136140022e+01
-2.874192107148254038e+01,5.371048147695119468e+01,-3.713844880659556225e+01
-2.880923221646222032e+01,5.370210597813038333e+01,-3.715307101409268142e+01
-2.888528192035689202e+01,5.369263809798024312e+01,-3.716958804649289760e+01
-2.897049543858712539e+01,5.368202313550767713e+01,-3.718809065215054943e+01
-2.906527358305273978e+01,5.367020919524505729e+01,-3.720866377441522133e+01
-2.916999170379234485e+01,5.365714734755376725e+01,-3.723138620010448818e+01
-2.928499875016217757e+01,5.364279180103822853e+01,-3.725633019397626811e+01
-2.941061641284701622e+01,5.362710011003341748e+01,-3.728356112912203457e+01
-2.954713835009735234e+01,5.361003340961755725e+01,-3.731313710320591781e+01
-2.969482950442466063e+01,5.359155663065376984e+01,-3.734510850410956806e+01
-2.985392550757153884e+01,5.357163875422096311e+01,-3.737951756445966112e+01
-3.002463217659283856e+01,5.355025309238367726e+01,-3.741639789606137612e+01
-3.020712510242220006e+01,5.352737759302820564e+01,-3.745577400451096395e+01
-3.040154932805532439e+01,5.350299522424997889e+01,-3.749766082653963650e+01
-3.060801911603525127e+01,5.347709443627826431e+01,-3.754206329464572178e+01
-3.082661780843985611e+01,5.344966946414753295e+01,-3.758897577003293833e+01
-3.105739772667906706e+01,5.342072070353147240e+01,-3.763838152592404640e+01
-3.130038016349741881e+01,5.339025514421728502e+01,-3.769025230817604211e+01
-3.155555546577042847e+01,5.335828706148486589e+01,-3.774454811563165890e+01
-3.182288320599664289e+01,5.332483830341882225e+01,-3.780121673980477226e+01
-3.210229242236714242e+01,5.328993855619162900e+01,-3.786019334803880554e+01
-3.239368191291027443e+01,5.325362595519339237e+01,-3.792140038966878279e+01
-3.269692058622987929e+01,5.321594770620731651e+01,-3.798474760810199768e+01
-3.301184787544215027e+01,5.317696003739182231e+01,-3.805013169225775016e+01
-3.333827419829227523e+01,5.313672832165121207e+01,-3.811743618052813076e+01
-3.367598145983160407e+01,5.309532713878527943e+01,-3.818653147186760322e+01
-3.402472357135980729e+01,5.305284049112434985e+01,-3.825727511506356393e+01
-3.438422700314120561e+01,5.300936252705786700e+01,-3.832951265113257477e+01
-3.475419136593870206e+01,5.296499775599074411e+01,-3.840307829412441265e+01
-3.513429002372750887e+01,5.291986030281079678e+01,-3.847779512811455049e+01
-3.552417074052993229e+01,5.287407426827031287e+01,-3.855347632397756286e+01
-3.592345631194624644e+01,5.282777292446287731e+01,-3.862992573902388216e+01
-3.633174532496131093e+01,5.278109850554641014e+01,-3.870693917905645520e+01
-3.674861315762422720e+01,5.273420166017773170e+01,-3.878430557748708907e+01
-3.717361293080458751e+01,5.268724058640755459e+01,-3.886180799532900920e+01
-3.760627644771669509e+01,5.264038065522216669e+01,-3.893922510431661976e+01
-3.804611510564934207e+01,5.259379314285491347e+01,-3.901633216100374568e+01
-3.849262093472012936e+01,5.254765472722113628e+01,-3.909290268045722172e+01
-3.894526757072901546e+01,5.250214597463536137e+01,-3.916870948529339813e+01
-3.940351138871904624e+01,5.245745058134214389e+01,-3.924352642115038492e+01
-3.986679255269823585e+01,5.241375371676863892e+01,-3.931712949345600805e+01
-4.033453624445530039e+01,5.237124100190910525e+01,-3.938929854813155629e+01
-4.080615380255366631e+01,5.233009674994222848e+01,-3.945981845043953484e+01
-4.128104405330191895e+01,5.229050270695265823e+01,-3.952848066666375360e+01
-4.175859454899502765e+01,5.225263625766605458e+01,-3.959508444874151678e+01
-4.223818300776788703e+01,5.221666900851808890e+01,-3.965943828450978970e+01
-4.271917866384500684e+01,5.218276494375478336e+01,-3.972136098188502018e+01
-4.320094366249014683e+01,5.215107875601724174e+01,-3.978068281124107841e+01
-4.368283270667787832e+01,5.212175424171667260e+01,-3.983724679749360575e+01
-4.416419272373610738e+01,5.209492221506277332e+01,-3.989091051287785916e+01
-4.464436403357174044e+01,5.207069848809778989e+01,-3.994154833880867983e+01
-4.512268193327705035e+01,5.204918189325469058e+01,-3.998905356639905051e+01
-4.559847835490329260e+01,5.203045159431221123e+01,-4.003333965707968645e+01
-4.607108373070001761e+01,5.201456500428473362e+01,-4.007434161474797918e+01
-4.653982888004057372e+01,5.200155652964355113e+01,-4.011201759262281996e+01
-4.700404704946146950e+01,5.199143620892432693e+01,-4.014634997968310870e+01
-4.746307592802474318e+01,5.198418876102447683e+01,-4.017734633745040895e+01
-4.791625967051878376e+01,5.197977278560921377e+01,-4.020503998314991634e+01
-4.836295072360557867e+01,5.197812047063517582e+01,-4.022949051509244356e+01
-4.880251322352329169e+01,5.197916894884191663e+01,-4.025074315866716290e+01
-4.923433253643756302e+01,5.198305589446158592e+01,-4.026857747461212256e+01
-4.965780067871997261e+01,5.198996422744272650e+01,-4.028270698377653503e+01
-5.007231730726439878e+01,5.200000868787051900e+01,-4.029292656816031126e+01
-5.047730820641487526e+01,5.201323601187560541e+01,-4.029911205798929075e+01
-5.087223734433050026e+01,5.202962983537653940e+01,-4.030121657616522413e+01
-5.125661725202155594e+01,5.204911579450430281e+01,-4.029926366376935931e+01
-5.163001821015255643e+01,5.207156960492036291e+01,-4.029333993852940665e+01
-5.199207462847929406e+01,5.209682497068271090e+01,-4.028358561136995775e+01
-5.234248662075903269e+01,5.212468219232074773e+01,-4.027018481751574797e+01
-5.268101577931469848e+01,5.215491665314206671e+01,-4.025335675095165300e+01
-5.300747617640367082e+01,5.218728468098024820e+01,-4.023334714204959539e+01
-5.332172318376403553e+01,5.222152920044402435e+01,-4.021042269696843618e+01
-5.362364250098449503e+01,5.225738316144524021e+01,-4.018486680216375362e+01
-5.391313884505863285e+01,5.229457100445798545e+01,-4.015697658008100746e+01
-5.419013392294242237e+01,5.233281073575827946e+01,-4.012706200078914520e+01
-5.445457021993731672e+01,5.237181609043621933e+01,-4.009544382264238038e+01
-5.470641412759943734e+01,5.241129889511922357e+01,-4.006245022339811612e+01
-5.494565830814767082e+01,5.245097271089592539e+01,-4.002841348258155563e+01
-5.517232351353347042e+01,5.249055636192757390e+01,-3.999366606615530628e+01
-5.538645997011662558e+01,5.252977714427924383e+01,-3.995853629122821360e+01
-5.558814839220340787e+01,5.256837390004342581e+01,-3.992334398010908103e+01
-5.577750066318836275e+01,5.260610037472354605e+01,-3.988839663484134235e+01
-5.595466024605848787e+01,5.264272799115699542e+01,-3.985398564277292621e+01
-5.611980235014290486e+01,5.267804821775489188e+01,-3.982038278360978723e+01
-5.627313388435162267e+01,5.271187444730021809e+01,-3.978783707542798709e+01
-5.641489321450765004e+01,5.274404358095161882e+01,-3.975657217715211544e+01
-5.654534974233651212e+01,5.277441743859692735e+01,-3.972678448036917587e+01
-5.666480334094456595e+01,5.280288352416154396e+01,-3.969864155219357826e+01
-5.677358365652660410e+01,5.282935537045533891e+01,-3.967228109497310840e+01
-5.687204929003158327e+01,5.285377250644137348e+01,-3.964781043078505718e+01
-5.696058687120869024e+01,5.287610007280586188e+01,-3.962530648854983184e+01
-5.703961003562963583e+01,5.289632811590590933e+01,-3.960481626014662027e+01
-5.710955831396573501e+01,5.291447058194476227e+01,-3.958635767379234238e+01
-5.717089594024166388e+01,5.293157610433809168e+01,-3.956856713089455724e+01
-5.722411058621105440e+01,5.294881332867820589e+01,-3.954991878394564253e+01
-5.726971202884647028e+01,5.296596498046809387e+01,-3.953074153504726240e+01
-5.730823075537211508e+01,5.298283532421185527e+01,-3.951133886549143881e+01
-5.734021651094448657e+01,5.299925081395319637e+01,-3.949198763567573423e+01
-5.736623679407188092e+01,5.301505602719861088e+01,-3.947294319219646752e+01
-5.738687530450061303e+01,5.303010974688570656e+01,-3.945444428666392866e+01
-5.740273034831068344e+01,5.304428074867614384e+01,-3.943671840542152296e+01
-5.741441320498375944e+01,5.305744269700947768e+01,-3.941998831692886540e+01
-5.742254646123020478e+01,5.306946716102911665e+01,-3.940448117289049179e+01
-5.742776231638731588e+01,5.308021282375257499e+01,-3.939044276436814584e+01
-5.743070086422162035e+01,5.308950664624304494e+01,-3.937816265283630912e+01
-5.743200835598189968e+01,5.309710829849085911e+01,-3.936802189993960610e+01
-5.743233544955299408e+01,5.310323407666450635e+01,-3.935978597645546984e+01
-5.743200835598189968e+01,5.310933227838251014e+01,-3.935152961347434797e+01
-5.743070086422162035e+01,5.311682370578789403e+01,-3.934130716261174143e+01
-5.742776231638731588e+01,5.312586983971062438e+01,-3.932884346585790070e+01
-5.742254646123021189e+01,5.313617599184794216e+01,-3.931447929482967396e+01
-5.741441320498385892e+01,5.314751544690307838e+01,-3.929846442641813553e+01
-5.740273034831169952e+01,5.315969414146452721e+01,-3.928100555636064684e+01
-5.738687530450754082e+01,5.317253209776740164e+01,-3.926229163011439027e+01
-5.736623679410902099e+01,5.318585292238731910e+01,-3.924250831355976032e+01
-5.734021651110869300e+01,5.319947712987599431e+01,-3.922184732219491821e+01
-5.730823075599459315e+01,5.321321736292004090e+01,-3.920051320871925071e+01
-5.726971203092521989e+01,5.322687451833617445e+01,-3.917872894372487735e+01
-5.722411059245273179e+01,5.324023418057159063e+01,-3.915674109487213173e+01
-5.717089595735735941e+01,5.325306291828243133e+01,-3.913482520230888184e+01
-5.710955835735124708e+01,5.326510924392946578e+01,-3.911328480659093998e+01
-5.703961013902748078e+01,5.327749314617928178e+01,-3.909055798886135591e+01
-5.696058710577850093e+01,5.329121428916113246e+01,-3.906524483908609113e+01
-5.687204979910828939e+01,5.330625148183452211e+01,-3.903733720920199346e+01
-5.677358471778932625e+01,5.332256269492668821e+01,-3.900685825163340326e+01
-5.666480547342194996e+01,5.334008453214932644e+01,-3.897386361954634282e+01
-5.654535388465212264e+01,5.335873202291616479e+01,-3.893844224785603814e+01
-5.641490101289816295e+01,5.337839878473631927e+01,-3.890071667288759727e+01
-5.627314814506541296e+01,5.339895758578603591e+01,-3.886084284330960514e+01
-5.611982773152063686e+01,5.342026133110272212e+01,-3.881900937875845869e+01
-5.595470429153154157e+01,5.344214446550506636e+01,-3.877543622046559335e+01
-5.577757530815937059e+01,5.346442458681532628e+01,-3.873037248440487446e+01
-5.558827211582169525e+01,5.348690475269773259e+01,-3.868409383907299315e+01
-5.538666080788046031e+01,5.350937634832203571e+01,-3.863689929104603493e+01
-5.517264319931869920e+01,5.353162228760234598e+01,-3.858910720376834291e+01
-5.494615787620555380e+01,5.355342058486072432e+01,-3.854105057470064111e+01
-5.470718137927770641e+01,5.357454804754548405e+01,-3.849307139453114956e+01
-5.445572955201193821e+01,5.359478488670490748e+01,-3.844551466509854265e+01
-5.419185913469297589e+01,5.361391971891887920e+01,-3.839872169173563776e+01
-5.391566970836290551e+01,5.363175465096887251e+01,-3.835302241125392442e+01
-5.362730612613179204e+01,5.364811050715635332e+01,-3.830872675389619531e+01
-5.332696160459212109e+01,5.366283347332073816e+01,-3.826611585230919133e+01
-5.301488151832984386e+01,5.367580187372781353e+01,-3.822543201101422028e+01
-5.269136139007464692e+01,5.368693235754874138e+01,-3.818686748380048357e+01
-5.235673506806064381e+01,5.369618580047184508e+01,-3.815055528023936660e+01
-5.201136265315199836e+01,5.370357103263623344e+01,-3.811656215250349078e+01
-5.165561763101001702e+01,5.370914592964312817e+01,-3.808488369661404960e+01
-5.128987537889785386e+01,5.371301808666715516e+01,-3.805544339701054213e+01
-5.091450598817976925e+01,5.371534281567553393e+01,-3.802809346757118192e+01
-5.052987245103585678e+01,5.371632038098911721e+01,-3.800261773659659070e+01
-5.013633339661077315e+01,5.371619351621081506e+01,-3.797873615668205360e+01
-4.973424873274174729e+01,5.371524334373704335e+01,-3.795610880993819336e+01
-4.932398632717011111e+01,5.371378677937179447e+01,-3.793434123685519666e+01
-4.890593065544369722e+01,5.371217257301741199e+01,-3.791298895106727684e+01
-4.848049808074996037e+01,5.371077845914832949e+01,-3.789156250060625553e+01
-4.804813519738409866e+01,5.370990366511260561e+01,-3.786967913856810242e+01
-4.760930149041924153e+01,5.370962313545516054e+01,-3.784726837232213370e+01
-4.716447604190462783e+01,5.370997205380967188e+01,-3.782431152643935945e+01
-4.671415800809591445e+01,5.371097554759663240e+01,-3.780079883194223811e+01
-4.625886545500407721e+01,5.371264932611872212e+01,-3.777672918069428931e+01
-4.579913438615064081e+01,5.371499967297997813e+01,-3.775210933356053999e+01
-4.533551769662135911e+01,5.371802428976697996e+01,-3.772695359174768015e+01
-4.486858417882610439e+01,5.372171257840585668e+01,-3.770128291416687460e+01
-4.439891734259369827e+01,5.372604649923408004e+01,-3.767512427247358175e+01
-4.392711422112108721e+01,5.373100100916811783e+01,-3.764850954788497006e+01
-4.345378391559642495e+01,5.373654575051280347e+01,-3.762147515403166409e+01
-4.297954610330214109e+01,5.374264624978475524e+01,-3.759406118372292838e+01
-4.250502917135985825e+01,5.374926463808193944e+01,-3.756631011056241221e+01
-4.203086674962490576e+01,5.375636054984106238e+01,-3.753826570443287380e+01
-4.155769416239142799e+01,5.376389171681205426e+01,-3.750997259113329818e+01
-4.108614650867127693e+01,5.377181432188707788e+01,-3.748147617775023832e+01
-4.061685679791118986e+01,5.378008361635295387e+01,-3.745282279006122650e+01
-4.015045411360416949e+01,5.378865434639288878e+01,-3.742405967067825401e+01
-3.968756171342824501e+01,5.379748114531063408e+01,-3.739523494599261966e+01
-3.922879516111205334e+01,5.380651891935509923e+01,-3.736639758015014934e+01
-3.877476042289539748e+01,5.381572319012535388e+01,-3.733759728946787959e+01
-3.832605201403114847e+01,5.382505045388793263e+01,-3.730888445881528526e+01
-3.788325112749416235e+01,5.383445840843211272e+01,-3.728030995644848389e+01
-3.744692384273036367e+01,5.384390631773382552e+01,-3.725192503545024181e+01
-3.701761932062461113e+01,5.385335507563814872e+01,-3.722378101899708014e+01
-3.659586811760139113e+01,5.386276764482928314e+01,-3.719592923955129038e+01
-3.618218048252711583e+01,5.387210887876491938e+01,-3.716842054796556027e+01
-3.577704480961030242e+01,5.388134609127067165e+01,-3.714130533899483311e+01
-3.538092616683432823e+01,5.389044864887097930e+01,-3.711463290349629318e+01
-3.499426507881288728e+01,5.389938865178396554e+01,-3.708845146453081298e+01
-3.461747612402186292e+01,5.390814055794326976e+01,-3.706280741096103526e+01
-3.425094659447595546e+01,5.391668154476891317e+01,-3.703774508910483831e+01
-3.389503526241756504e+01,5.392499155093587859e+01,-3.701330644909572243e+01
-3.355007124229777560e+01,5.393305297075702498e+01,-3.698953052876510128e+01
-3.321635298292669347e+01,5.394085138251466560e+01,-3.696645372154798537e+01
-3.289414738463331389e+01,5.394837469285726428e+01,-3.694410902897434568e+01
-3.258368903549153117e+01,5.395561274185267564e+01,-3.692252569842951715e+01
-3.228517956284952817e+01,5.396255720786756171e+01,-3.690172912909135761e+01
-3.199878708324479248e+01,5.396920168755157476e+01,-3.688174095356717430e+01
-3.172464577380289086e+01,5.397554178055261076e+01,-3.686257917152054375e+01
-3.146285555552937296e+01,5.398157522425908184e+01,-3.684425835902763424e+01
-3.121348189815904917e+01,5.398730132746978683e+01,-3.682678943381246484e+01
-3.097655572394318213e+01,5.399272077932857883e+01,-3.681017970467921430e+01
-3.075207340632179509e+01,5.399783572873835169e+01,-3.679443312536032806e+01
-3.053999687824419595e+01,5.400264958456580899e+01,-3.677955037070679367e+01
-3.034025381833662038e+01,5.400716668986911628e+01,-3.676552883458911225e+01
-3.015273790607622217e+01,5.401139221725019723e+01,-3.675236279716261834e+01
-2.997730920529454934e+01,5.401533210925009598e+01,-3.674004363288139530e+01
-2.981379464152509939e+01,5.401899303562630195e+01,-3.672856001354179512e+01
-2.966198857101866793e+01,5.402238220424693793e+01,-3.671789799037238566e+01
-2.952165342360835609e+01,5.402550728873855235e+01,-3.670804113332840757e+01
-2.939252042221171735e+01,5.402837638979364954e+01,-3.669897067092292531e+01
-2.927429037832480319e+01,5.403099800676284303e+01,-3.669066561549022509e+01
-2.916663456130404342e+01,5.403338102134991772e+01,-3.668310287674774628e+01
-2.906919563855024080e+01,5.403553470172853679e+01,-3.667625737174611800e+01
-2.898158868787603026e+01,5.403746867548281330e+01,-3.667010209941572185e+01
-2.890340227537639350e+01,5.403919291994470342e+01,-3.666460821662011682e+01
-2.883419959559936530e+01,5.404071776832901719e+01,-3.665974511898380683e+01
-2.877351762428196125e+01,5.404204663554337174e+01,-3.665549117495152132e+01
-2.871999206308051100e+01,5.404006059648600058e+01,-3.665639392678163944e+01
-2.867273350142675170e+01,5.403340529794969171e+01,-3.666441517422438068e+01
-2.863160093215505242e+01,5.402345780127392771e+01,-3.667751439622573884e+01
-2.859633641433925177e+01,5.401124655604775171e+01,-3.669416016858122731e+01
-2.856660247022119137e+01,5.399757997125760767e+01,-3.671314383199391784e+01
-2.854200334075405721e+01,5.398311691922840794e+01,-3.673347704759881793e+01
-2.852209863452349836e+01,5.396840979413391182e+01,-3.675432898783708424e+01
-2.850641324888807659e+01,5.395393405446916546e+01,-3.677498304489977698e+01
-2.849444570228305196e+01,5.394011193921434710e+01,-3.679480195471334270e+01
-2.848567651527670819e+01,5.392733624593734021e+01,-3.681319282861536379e+01
-2.847957869947648746e+01,5.391600156094539642e+01,-3.682956139236289062e+01
-2.847563379578546972e+01,5.390655527022223481e+01,-3.684323755389511490e+01
-2.847314957916213984e+01,5.389883954269730282e+01,-3.685443049649789771e+01
