-2.626377429935315178e+01,-2.442207362713577912e-01,9.801055476595115579e+01
-2.626381251883233858e+01,-2.303886333579809875e-01,9.801058573712150235e+01
-2.626474935931044286e+01,-2.133161185908233060e-01,9.801056262638159922e+01
-2.626721751841219898e+01,-1.926226912001607894e-01,9.801044277068082522e+01
-2.627186755938204499e+01,-1.690102287529459957e-01,9.801017973955117668e+01
-2.627934208390379212e+01,-1.430881679475320967e-01,9.800972806426759121e+01
-2.629027590159248717e+01,-1.154652347646770022e-01,9.800904312819082520e+01
-2.630529549294009684e+01,-8.680586758026369310e-02,9.800808122088469077e+01
-2.632501822179016671e+01,-5.787333305823300078e-02,9.800679966932271725e+01
-2.635005157224017225e+01,-2.957270501463709830e-02,9.800515699328292385e+01
-2.638099262952615121e+01,-3.004181168784599877e-03,9.800311304242475785e+01
-2.641842808992135971e+01,2.045959227289599960e-02,9.800062906069318558e+01
-2.646293531225518336e+01,3.904741959211469743e-02,9.799766758233741371e+01
-2.651508553286997127e+01,5.036020216756310203e-02,9.799419195314592912e+01
-2.657532892166024752e+01,5.690392403438680052e-02,9.799016987085988717e+01
-2.664402887171047496e+01,6.435089854496529871e-02,9.798557031968748277e+01
-2.672164071517148187e+01,7.276325038170319837e-02,9.798035761162569202e+01
-2.680859569772203699e+01,8.218721264821139683e-02,9.797449664026179050e+01
-2.690529951797973141e+01,9.266600420666630533e-02,9.796795289426439979e+01
-2.701213120540068502e+01,1.042396279680752047e-01,9.796069246439186884e+01
-2.712944207212363423e+01,1.169446603301998039e-01,9.795268205895303026e+01
-2.725755474168425607e+01,1.308140307285466930e-01,9.794388902705529176e+01
-2.739676225755439631e+01,1.458767906244476109e-01,9.793428139102860541e+01
-2.754732727425995975e+01,1.621578717035996042e-01,9.792382788926609294e+01
-2.770948133543945957e+01,1.796778335926768888e-01,9.791249804501318010e+01
-2.788342424886209869e+01,1.984526020802689084e-01,9.790026232317521249e+01
-2.806932353785568779e+01,2.184931989870544933e-01,9.788709219733284783e+01
-2.826731398375080317e+01,2.398054658544566120e-01,9.787296022947548124e+01
-2.847749726426350136e+01,2.623897842042969830e-01,9.785784019062300843e+01
-2.869994169118395178e+01,2.862407959155752191e-01,9.784170724269108632e+01
-2.893468206033581680e+01,3.113471298604255089e-01,9.782453829603359452e+01
-2.918171955476995549e+01,3.376911398901045192e-01,9.780631208939236387e+01
-2.944102175146218414e+01,3.652486584569574757e-01,9.778700932397397594e+01
-2.971252275224545869e+01,3.939887715619654895e-01,9.776661299415395945e+01
-2.999612343626812816e+01,4.238736213551623777e-01,9.774510889436923833e+01
-3.029169171757771650e+01,4.548582399005383081e-01,9.772248561669580624e+01
-3.059906293930374588e+01,4.868904232620487882e-01,9.769873481063729059e+01
-3.091804044050645928e+01,5.199106538752147344e-01,9.767385188578749933e+01
-3.124839607836662836e+01,5.538520721437458771e-01,9.764783601960174053e+01
-3.158987088181030956e+01,5.886405071306168857e-01,9.762069038065543225e+01
-3.194217590507766857e+01,6.241945746277293150e-01,9.759242290720763435e+01
-3.230499295955556249e+01,6.604258387901412730e-01,9.756304612077285299e+01
-3.267797558020181015e+01,6.972390508451402624e-01,9.753257761038744889e+01
-3.306075005868991923e+01,7.345324646877089414e-01,9.750104047385418937e+01
-3.345291639449136767e+01,7.721982264895503878e-01,9.746846305560364954e+01
-3.385404957422846906e+01,8.101228519031197228e-01,9.743487968459457704e+01
-3.426370063501244800e+01,8.481877741697031459e-01,9.740033028678290350e+01
-3.468139806505921996e+01,8.862699671122692413e-01,9.736486082943594056e+01
-3.510664908834955611e+01,9.242426236753147339e-01,9.732852316066880860e+01
-3.553894104427929079e+01,9.619758992674134479e-01,9.729137490831604396e+01
-3.597774285168011232e+01,9.993377178763651614e-01,9.725347949102815903e+01
-3.642250639999127770e+01,1.036194629222713548e+00,9.721490566047015136e+01
-3.687266814616547350e+01,1.072412718968859036e+00,9.717572749956630673e+01
-3.732765053574639325e+01,1.107858552256659079e+00,9.713602373646230603e+01
-3.778686367807367219e+01,1.142400154385326605e+00,9.709587760072423634e+01
-3.824970680766791276e+01,1.175908005742614115e+00,9.705537601386266999e+01
-3.871556999790021081e+01,1.208256053211768322e+00,9.701460925288661485e+01
-3.918383566254042449e+01,1.239322715495222216e+00,9.697367008022179391e+01
-3.965388028000567289e+01,1.268991881379369913e+00,9.693265321717561278e+01
-4.012507592955898161e+01,1.297153880903474388e+00,9.689165446058453313e+01
-4.059679200669019394e+01,1.323706424871266663e+00,9.685077000523469337e+01
-4.106839676493502367e+01,1.348555497621592991e+00,9.681009558759315325e+01
-4.153925877929966504e+01,1.371616230257466373e+00,9.676972573977457159e+01
-4.200874827933927236e+01,1.392813802162298220e+00,9.672975300906450968e+01
-4.247623877399504977e+01,1.412084301028988520e+00,9.669026718124857211e+01
-4.294110862123999084e+01,1.429375489708901492e+00,9.665135456469964481e+01
-4.340274265932211506e+01,1.444647465389251595e+00,9.661309726834660694e+01
-4.386053378184118401e+01,1.457873203011110563e+00,9.657557261744099719e+01
-4.431388454404176969e+01,1.469038972078867467e+00,9.653885253472661532e+01
-4.476220871942894775e+01,1.478144624727474099e+00,9.650300315149182495e+01
-4.520493285535729910e+01,1.485203746140027814e+00,9.646808428960561344e+01
-4.564149777576770362e+01,1.490243674884884184e+00,9.643414933845502901e+01
-4.607136003454872508e+01,1.493305384975021965e+00,9.640124476919976360e+01
-4.649399354279086083e+01,1.494392759891492339e+00,9.636941119175571657e+01
-4.690889191527100621e+01,1.493161100118689966e+00,9.633868754822458413e+01
-4.731556774958603029e+01,1.489164860125525180e+00,9.630910812133444665e+01
-4.771355377522267105e+01,1.482039181181438625e+00,9.628069893245097433e+01
-4.810240625118882463e+01,1.471501622558609057e+00,9.625347851228431750e+01
-4.848170738204193242e+01,1.457351435596753841e+00,9.622745727803118143e+01
-4.885106752756642123e+01,1.439467537372334460e+00,9.620263826934836970e+01
-4.921012717576912365e+01,1.417805257049676859e+00,9.617901749311641879e+01
-4.955855846046600988e+01,1.392391992275033852e+00,9.615658397855916917e+01
-4.989606609299039519e+01,1.363321997948798048e+00,9.613532117833310053e+01
-5.022238740321982675e+01,1.330750511314179318e+00,9.611520693280210992e+01
-5.053729179182498399e+01,1.294887494947457363e+00,9.609621457688031398e+01
-5.084057987305750004e+01,1.255991163844182079e+00,9.607831405169760330e+01
-5.113208253416406990e+01,1.214361385702052099e+00,9.606147200269263919e+01
-5.141165997866142590e+01,1.170333089293934981e+00,9.604565298151079844e+01
-5.167920188642332135e+01,1.124269645379538662e+00,9.603082026306890384e+01
-5.193462819112369999e+01,1.076556045624438074e+00,9.601693591995775989e+01
-5.217788972584769880e+01,1.027591978945279649e+00,9.600396148881608838e+01
-5.240896869899279409e+01,9.777849501073700988e-01,9.599185867935072736e+01
-5.262787899501530831e+01,9.275435705560636235e-01,9.598058962730981136e+01
-5.283466632986493750e+01,8.772711432347948257e-01,9.597011691854557114e+01
-5.302940831067355987e+01,8.273596503238881406e-01,9.596040409028836393e+01
-5.321221436705922514e+01,7.781842225334290042e-01,9.595141588122345411e+01
-5.338322556347294778e+01,7.300981619802231481e-01,9.594311829253905444e+01
-5.354261430322614501e+01,6.834285750913084989e-01,9.593547855965833548e+01
-5.369058393153744646e+01,6.384726558263146279e-01,9.592846509011455680e+01
-5.382736824909184747e+01,5.954946447087725581e-01,9.592204750962883963e+01
-5.395323092711188906e+01,5.547234718719247226e-01,9.591619657342660332e+01
-5.406846483255802838e+01,5.163510811850116067e-01,9.591088403925006389e+01
-5.417339126820429129e+01,4.805314189274005887e-01,9.590608252776048914e+01
-5.426835913121730925e+01,4.473800585432188837e-01,9.590176537692332204e+01
-5.435374399337870699e+01,4.169744224822540812e-01,9.589790648821680463e+01
-5.442994710604577335e+01,3.893545530939305777e-01,9.589448016240392292e+01
-5.449739433720694848e+01,3.645243773508677898e-01,9.589146101377816933e+01
-5.455653503889423916e+01,3.408181506412338857e-01,9.588882968263744999e+01
-5.460784084936303628e+01,3.163755527881361163e-01,9.588656593918483395e+01
-5.465180443444002378e+01,2.915766165011985933e-01,9.588464101500549930e+01
-5.468893817147192493e+01,2.667691590779546762e-01,9.588302671466277616e+01
-5.471977277946092499e+01,2.422675192011433942e-01,9.588169531885050390e+01
-5.474485589909657079e+01,2.183589032358015103e-01,9.588061946252474854e+01
-5.476475062646657932e+01,1.953094906907285044e-01,9.587977202221239281e+01
-5.478003400434522518e+01,1.733710208210058057e-01,9.587912601411916569e+01
-5.479129547506565956e+01,1.527888319634108094e-01,9.587865450431631587e+01
-5.479913529908323966e+01,1.338129622418751108e-01,9.587833053159226893e+01
-5.480416294343076800e+01,1.167154432447339990e-01,9.587812704210344350e+01
-5.480699544435101700e+01,1.018206727626960045e-01,9.587801683162473410e+01
-5.480825574846632264e+01,8.956298048221700281e-02,9.587797248496077884e+01
-5.480857103691166543e+01,7.963545250835399325e-02,9.587796709091962555e+01
-5.480825574846632264e+01,6.970794719262810024e-02,9.587798897638845119e+01
-5.480699544435101700e+01,5.745034549277709679e-02,9.587805368525437189e+01
-5.480416294343077510e+01,4.255577864164129809e-02,9.587818863851215667e+01
-5.479913529908323966e+01,2.545862126821499954e-02,9.587842052981851282e+01
-5.479129547506567377e+01,6.483315906795499711e-03,9.587877602447707659e+01
-5.478003400434535308e+01,-1.409806128842210071e-02,9.587928172440004460e+01
-5.476475062646744618e+01,-3.603542775100870149e-02,9.587996417540274763e+01
-5.474485589910129590e+01,-5.908340074078199944e-02,9.588084990382499484e+01
-5.471977277948179363e+01,-8.299019652601770380e-02,9.588196547523857305e+01
-5.468893817155098702e+01,-1.074895909128261995e-01,9.588333757090505571e+01
-5.465180443470410410e+01,-1.322943324892700001e-01,9.588499307872454835e+01
-5.460784085015594513e+01,-1.570900370048720907e-01,9.588695919578103144e+01
-5.455653504106864915e+01,-1.815288409276815951e-01,9.588926353966043337e+01
-5.449739434271905481e+01,-2.052306645929936058e-01,9.589193424738193983e+01
-5.442994711918331774e+01,-2.300557927304671957e-01,9.589499463893390896e+01
-5.435374402318499421e+01,-2.576699370898096197e-01,9.589846684086617756e+01
-5.426835919591014346e+01,-2.880691318627902064e-01,9.590237623187319116e+01
-5.417339140308104106e+01,-3.212132986884611019e-01,9.590674844377954855e+01
-5.406846510360472280e+01,-3.570249845028709013e-01,9.591160944488380835e+01
-5.395323145367773776e+01,-3.953885949281601975e-01,9.591698570239887545e+01
-5.382736924053710226e+01,-4.361501795751633881e-01,9.592290433506731517e+01
-5.369058574481292112e+01,-4.791178187259617083e-01,9.592939325814489848e+01
-5.354261753098468546e+01,-5.240626523838344264e-01,9.593648132277778018e+01
-5.338323116562658299e+01,-5.707205828980845830e-01,9.594419844295715905e+01
-5.321222386275420035e+01,-6.187946713986054448e-01,9.595257568403383175e+01
-5.302942405252485969e+01,-6.679582359624340882e-01,9.596164521588669061e+01
-5.283469188804730976e+01,-7.178586492037404287e-01,9.597144037309509201e+01
-5.262791968556152256e+01,-7.681218181663801436e-01,9.598199567929790987e+01
-5.240903229859667789e+01,-8.183573167644399016e-01,9.599334677928679582e+01
-5.217798742499620346e+01,-8.681641278767858738e-01,9.600553017802711508e+01
-5.193477584917226864e+01,-9.171369403384806995e-01,9.601858272268972883e+01
-5.167942166762011169e+01,-9.648729431945932689e-01,9.603254155410974136e+01
-5.141198246949822703e+01,-1.010979038532800134e+00,9.604744381920887975e+01
-5.113254947409059525e+01,-1.055079390347177792e+00,9.606332591442409807e+01
-5.084124768017660756e+01,-1.096823231819495925e+00,9.608022275145025048e+01
-5.053823605745019165e+01,-1.135892857066204131e+00,9.609816759415281240e+01
-5.022370687321883764e+01,-1.172011621569794437e+00,9.611719123749249150e+01
-4.989788369770784726e+01,-1.204951531342850046e+00,9.613732096041592001e+01
-4.956101940096049674e+01,-1.234540167516945175e+00,9.615858061354055053e+01
-4.921339393751178903e+01,-1.260666774064332696e+00,9.618098974902807186e+01
-4.885531227593092751e+01,-1.283287373956537136e+00,9.620456274672281438e+01
-4.848710290551496627e+01,-1.302428874274773607e+00,9.622930904894982973e+01
-4.810911688067444913e+01,-1.318192144066075100e+00,9.625523189002032609e+01
-4.772172747541942073e+01,-1.330754138152966837e+00,9.628232824645304788e+01
-4.732533011342717089e+01,-1.340369060883861208e+00,9.631058849165516733e+01
-4.692034233782396768e+01,-1.347368545283035512e+00,9.633999553927964143e+01
-4.650720403919086721e+01,-1.352160847116823383e+00,9.637052533226302842e+01
-4.608637835595430232e+01,-1.355228298162806988e+00,9.640214573974809298e+01
-4.565835043183611930e+01,-1.356945762193967786e+00,9.643481983951980396e+01
-4.522362404422077731e+01,-1.357333003337807265e+00,9.646850892515141140e+01
-4.478272132275122175e+01,-1.356366250183252964e+00,9.650316856896716899e+01
-4.433618160111308981e+01,-1.354029008215985597e+00,9.653874765522162704e+01
-4.388456004219887774e+01,-1.350312301393568726e+00,9.657518875480158727e+01
-4.342842625409006274e+01,-1.345214833201848093e+00,9.661242828757305290e+01
-4.296836286091268420e+01,-1.338743077327144038e+00,9.665039691455362458e+01
-4.250496406572702313e+01,-1.330911297819431960e+00,9.668901995292038976e+01
-4.203883414892924009e+01,-1.321741501851889433e+00,9.672821787162646956e+01
-4.157058596402691819e+01,-1.311263327549001101e+00,9.676790688966408993e+01
-4.110083935704494706e+01,-1.299513868027071695e+00,9.680799959340288297e+01
-4.063021959692730434e+01,-1.286537435340034063e+00,9.684840565603272466e+01
-4.015935569522249438e+01,-1.272385264467437160e+00,9.688903254306273993e+01
-3.968887856802216874e+01,-1.257115127907194596e+00,9.692978632638502745e+01
-3.921941910832812539e+01,-1.240790801124918241e+00,9.697057242787197140e+01
-3.875160655352592443e+01,-1.223481443679246716e+00,9.701129646504662674e+01
-3.828606674318891123e+01,-1.205260939993976654e+00,9.705186491809135418e+01
-3.782342050743100970e+01,-1.186207215336965826e+00,9.709218598966667457e+01
-3.736428189767661223e+01,-1.166401529802210568e+00,9.713217014892862267e+01
-3.690925658911983476e+01,-1.145927767080765269e+00,9.717173096976981128e+01
-3.645894010988139655e+01,-1.124871717832963247e+00,9.721078551208161400e+01
-3.601391626787974332e+01,-1.103320376521814916e+00,9.724925508795624296e+01
-3.557475541375098516e+01,-1.081361248869004310e+00,9.728706547989474984e+01
-3.514201289660029204e+01,-1.059081688721400072e+00,9.732414756469862027e+01
-3.471622740786784078e+01,-1.036568260701116184e+00,9.736043742307525406e+01
-3.429791946105277134e+01,-1.013906143576536412e+00,9.739587671062575680e+01
-3.388758987493836372e+01,-9.911785739063277978e-01,9.743041278290684204e+01
-3.348571826909080329e+01,-9.684663357519746052e-01,9.746399869285629336e+01
-3.309276175226764138e+01,-9.458473056583235339e-01,9.749659348980011941e+01
-3.270915346461611506e+01,-9.233960519682714585e-01,9.752816170109163352e+01
-3.233530144120331329e+01,-9.011835036088273743e-01,9.755867378279738489e+01
-3.197158724485784731e+01,-8.792766578055556392e-01,9.758810541894602864e+01
-3.161836491376888247e+01,-8.577383449958293493e-01,9.761643772581403766e+01
-3.127595988496255330e+01,-8.366270364193127973e-01,9.764365694152768071e+01
-3.094466794840973023e+01,-8.159966958617487220e-01,9.766975386367538192e+01
-3.062475447534677997e+01,-7.958966823590056805e-01,9.769472408114656048e+01
-3.031645353831140710e+01,-7.763716862329571589e-01,9.771856724792445448e+01
-3.001996721786242972e+01,-7.574617077042533619e-01,9.774128679404363140e+01
-2.973546507609599487e+01,-7.392020734630786460e-01,9.776288997767552758e+01
-2.946308358655247872e+01,-7.216234793078145637e-01,9.778338719839534576e+01
-2.920292573563532557e+01,-7.047520643104551175e-01,9.780279170163156266e+01
-2.895506077680395407e+01,-6.886095117271711086e-01,9.782111959440274518e+01
-2.871952400018592044e+01,-6.732131671322474364e-01,9.783838937623568199e+01
-2.849631661776260927e+01,-6.585761747341410954e-01,9.785462158105264052e+01
-2.828540577949186030e+01,-6.447076289239337399e-01,9.786983863136545381e+01
-2.808672469400731941e+01,-6.316127362504460052e-01,9.788406477625846946e+01
-2.790017279908456516e+01,-6.192929807000533415e-01,9.789732574202791682e+01
-2.772561605282071540e+01,-6.077462938860903607e-01,9.790964853470528340e+01
-2.756288732805310815e+01,-5.969672288893621559e-01,9.792106131740506214e+01
-2.741178690075683022e+01,-5.869471353693903604e-01,9.793159332205280521e+01
-2.727208302999220990e+01,-5.776743339759856655e-01,9.794127479005645398e+01
-2.714351261123585601e+01,-5.691342877238534381e-01,9.795013681316764576e+01
-2.702578192397990264e+01,-5.613097701864276923e-01,9.795821125603153234e+01
-2.691856746501611042e+01,-5.541810292327908893e-01,9.796553071011823022e+01
-2.682151686232661802e+01,-5.477259455108951514e-01,9.797212845796526892e+01
-2.673424986680872095e+01,-5.419201852452719681e-01,9.797803844653380168e+01
-2.665635941883037319e+01,-5.367373471204119895e-01,9.798329526833219916e+01
-2.658741278653480578e+01,-5.321491032156507872e-01,9.798793415011306251e+01
-2.652695250445749409e+01,-5.281122630599294210e-01,9.799199103685593570e+01
-2.647438287745037400e+01,-5.189745846866846701e-01,9.799553999615373812e+01
-2.642915134853480552e+01,-5.022509510976348457e-01,9.799863251465671965e+01
-2.639078555878144172e+01,-4.803620246707347996e-01,9.800128695507177667e+01
-2.635878128300813827e+01,-4.551013819198406751e-01,9.800352712320110982e+01
-2.633260862266730840e+01,-4.278648009201210800e-01,9.800538106926087778e+01
-2.631171612623368716e+01,-3.997762947728313865e-01,9.800688027499312227e+01
-2.629553395007651062e+01,-3.717653671708778806e-01,9.800805902858533614e+01
-2.628347656339454019e+01,-3.446202588650303933e-01,9.800895389963432081e+01
-2.627494527305373850e+01,-3.190308552037767753e-01,9.800960326719207671e+01
-2.626933077855762377e+01,-2.956317298980675190e-01,9.801004686514463060e+01
-2.626601602262229562e+01,-2.750584954413223815e-01,9.801032529806276727e+01
-2.626437978393606443e+01,-2.580394602374020963e-01,9.801047944610090212e+01
-2.626377429935315178e+01,-2.442207362713577912e-01,9.801055476595115579e+01
