1.440035948434106388e+02 1.263022728772688907e+01 2.129745518310941179e+02 -5.801861101304886859e+00
1.425885985461506209e+02 1.309616850575446989e+01 2.111833192164494051e+02 -6.105060336679976274e+00
1.433507743337920601e+02 1.319472139479492512e+01 2.113890672636328247e+02 -5.903272497214295811e+00
1.438537634787290074e+02 1.278035998113041671e+01 2.115278159868680632e+02 -5.804592758164702104e+00
1.443060513369956936e+02 1.242143315155853855e+01 2.117661169817519635e+02 -5.604522491098116177e+00
1.443235911646910949e+02 1.215624856009975474e+01 2.120201282039429316e+02 -5.403466833410938364e+00
1.444448230600494867e+02 1.170796276721520712e+01 2.121883723870186600e+02 -5.103467462884026418e+00
1.445074653710016719e+02 1.098366165421843732e+01 2.124248023357089608e+02 -4.903389962594772555e+00
1.445319411939771044e+02 1.120574976120120780e+01 2.125896082058413299e+02 -4.703400568532394743e+00
1.445350012101207824e+02 1.056879261752926169e+01 2.128440756862645458e+02 -4.403351375411091340e+00
1.445308783588944550e+02 1.053393741554939922e+01 2.131017166477354294e+02 -4.203887050988903695e+00
1.451278146955965269e+02 1.023663660645175710e+01 2.133713820011813880e+02 -4.103645043101003864e+00
1.451098165510465492e+02 1.024688142257432588e+01 2.135527496599391384e+02 -4.003933323343289885e+00
1.450605055508721932e+02 1.013674832485808963e+01 2.139919895984475602e+02 -4.004576899241456545e+00
1.449885338801383341e+02 9.928167631817771621e+00 2.141444206959608607e+02 -4.003633026555668550e+00
1.447958458350098851e+02 1.027172722758730572e+01 2.143402194763632735e+02 -4.004003104820142767e+00
1.445765534395883378e+02 1.095226159376776920e+01 2.146106322121210042e+02 -4.003604489080991868e+00
1.444319765904072312e+02 1.235193618858248854e+01 2.147502552822769815e+02 -4.004067896913291236e+00
1.439053327312925887e+02 1.415854771478948493e+01 2.147393928188548671e+02 -3.906088358443923880e+00
1.441777762819663167e+02 1.662425060203283067e+01 2.146300052728624337e+02 -4.006542256485197129e+00
1.437929702938293417e+02 2.086539551737212861e+01 2.144191750966154473e+02 -4.607864191704976520e+00
