-2.074111584277820697e+01,1.112260409109987904e+02,7.503232369606544694e+01
-2.074681292791805731e+01,1.112337643576339872e+02,7.502084204940452139e+01
-2.075475026798659428e+01,1.112430866574182460e+02,7.500697426953203717e+01
-2.076572757078302800e+01,1.112540710302036331e+02,7.499062018240778116e+01
-2.078012000131180770e+01,1.112661716612702776e+02,7.497258530964296597e+01
-2.079833247788599593e+01,1.112788966510172912e+02,7.495359581500727586e+01
-2.082076233518413133e+01,1.112917567751432557e+02,7.493437485022219846e+01
-2.084777571123355244e+01,1.113042341390034835e+02,7.491568932146257964e+01
-2.087968912212705064e+01,1.113157583092416445e+02,7.489838550995528976e+01
-2.091675111518767594e+01,1.113256824803819143e+02,7.488342457892700565e+01
-2.095911993660963546e+01,1.113332537468660632e+02,7.487192673759238914e+01
-2.100683190776877396e+01,1.113375697362140073e+02,7.486523550504388425e+01
-2.105975089336307704e+01,1.113375075730247659e+02,7.486502280690157818e+01
-2.111747770749821740e+01,1.113315943268917465e+02,7.487348050790194520e+01
-2.118149677676960607e+01,1.113211200196716959e+02,7.488867727747741299e+01
-2.125449999426121650e+01,1.113091619180085132e+02,7.490601751172454215e+01
-2.133697789606038242e+01,1.112956459845504043e+02,7.492560441364564383e+01
-2.142939021027391533e+01,1.112804946641288950e+02,7.494754582945559207e+01
-2.153216961836107401e+01,1.112636344483927076e+02,7.497194292941128424e+01
-2.164572050129978820e+01,1.112449960983859825e+02,7.499888984470113940e+01
-2.177041775098692966e+01,1.112245148868904181e+02,7.502847328554190653e+01
-2.190660565252444769e+01,1.112021308666903678e+02,7.506077213299900563e+01
-2.205459684237628792e+01,1.111777891701775758e+02,7.509585699811871962e+01
-2.221467134646366048e+01,1.111514403449026389e+02,7.513378974361629048e+01
-2.238707570245342993e+01,1.111230407324698177e+02,7.517462296785407716e+01
-2.257202216703419850e+01,1.110925528854930491e+02,7.521839944513156695e+01
-2.276968801025027744e+01,1.110599460213038867e+02,7.526515152201044145e+01
-2.298021490132842004e+01,1.110251965181206515e+02,7.531490047733643678e+01
-2.320370838857495244e+01,1.109882884494244735e+02,7.536765585023351832e+01
-2.344023750131345452e+01,1.109492141566622081e+02,7.542341476064602546e+01
-2.368983454605344718e+01,1.109079747890422283e+02,7.548216126904203804e+01
-2.395249496656460408e+01,1.108645808215193824e+02,7.554386577802853253e+01
-2.422817726324638699e+01,1.108190525802797879e+02,7.560848447195340327e+01
-2.451680303345204592e+01,1.107714207661301629e+02,7.567595882626963544e+01
-2.481825712308365084e+01,1.107217268970261870e+02,7.574621516180990000e+01
-2.513238790624607688e+01,1.106700237086948277e+02,7.581916429974413063e+01
-2.545900770460060158e+01,1.106163755266944548e+02,7.589470135645922255e+01
-2.579789332611264285e+01,1.105608585056302502e+02,7.597270563691635914e+01
-2.614878674184467044e+01,1.105035607750131561e+02,7.605304068231095016e+01
-2.651139591586741417e+01,1.104445825194847686e+02,7.613555451836450061e+01
-2.688539575406790405e+01,1.103840358562040791e+02,7.622008003434561374e+01
-2.727042921213268301e+01,1.103220446303319164e+02,7.630643559668857279e+01
-2.766610854298768274e+01,1.102587440469531259e+02,7.639442585737691616e+01
-2.807201667278768653e+01,1.101942800915272471e+02,7.648384273465853767e+01
-2.848770874005918330e+01,1.101288088616048668e+02,7.657446665579631428e+01
-2.891271373701857428e+01,1.100624956447686031e+02,7.666606794503819344e+01
-2.934653614148352929e+01,1.099955139543040303e+02,7.675840839420496309e+01
-2.978865712040034097e+01,1.099280445697398534e+02,7.685124264627562241e+01
-3.023853610365032196e+01,1.098602745960236859e+02,7.694431959309876845e+01
-3.069561264213480811e+01,1.097923963899925468e+02,7.703738384088933344e+01
-3.115930836998976616e+01,1.097246064082572019e+02,7.713017721770455637e+01
-3.162902902806637329e+01,1.096571040132705264e+02,7.722244032655383705e+01
-3.210416656148763792e+01,1.095900902259073888e+02,7.731391411463242491e+01
-3.258410125402152602e+01,1.095237664455708568e+02,7.740434145139980160e+01
-3.306820391032471917e+01,1.094583331377498752e+02,7.749346869300654816e+01
-3.355583804054263197e+01,1.093939885032174146e+02,7.758104722045463575e+01
-3.404636206395651499e+01,1.093309270584879442e+02,7.766683487898725957e+01
-3.453913147484902169e+01,1.092693383659070889e+02,7.775059746558862628e+01
-3.503350099533062689e+01,1.092094057025641121e+02,7.783211009424063320e+01
-3.552882664756484132e+01,1.091513048512498045e+02,7.791115854883381076e+01
-3.602446777577606696e+01,1.090952028130933229e+02,7.798754046234584791e+01
-3.651978934105635233e+01,1.090412566665245180e+02,7.806106660914088025e+01
-3.701416804403586980e+01,1.089896114298088037e+02,7.813156327161426873e+01
-3.750699824777743174e+01,1.089403972082866119e+02,7.819887591633130342e+01
-3.799769367913597051e+01,1.088937265934641090e+02,7.826287231017775525e+01
-3.848568835086455664e+01,1.088496924520742226e+02,7.832344529773781971e+01
-3.897043710961090568e+01,1.088083659756030244e+02,7.838051517737702056e+01
-3.945141582030620953e+01,1.087697950261865145e+02,7.843403167844037682e+01
-3.992812123687691184e+01,1.087340028659174607e+02,7.848397560761820557e+01
-4.040007064339967968e+01,1.087009870422542264e+02,7.853036003604334780e+01
-4.086680138193703016e+01,1.086707187399854178e+02,7.857323131895662982e+01
-4.132787045564190720e+01,1.086431421144486222e+02,7.861266970344804861e+01
-4.178285445479735216e+01,1.086181740429330347e+02,7.864878999481970823e+01
-4.223134566341113327e+01,1.085956711197663509e+02,7.868178682292861481e+01
-4.267293276666813995e+01,1.085752286191151086e+02,7.871221217816500371e+01
-4.310724123481755043e+01,1.085563380983075490e+02,7.874075732889973267e+01
-4.353393491465922693e+01,1.085385052542750230e+02,7.876809085897102136e+01
-4.395267692196039633e+01,1.085212566391882945e+02,7.879484935586813776e+01
-4.436310871249754229e+01,1.085041476219953864e+02,7.882162674829915261e+01
-4.476483474479631042e+01,1.084867707529745076e+02,7.884896293785196519e+01
-4.515741064346538280e+01,1.084687644998221714e+02,7.887733156935534851e+01
-4.554033867443848038e+01,1.084498226449668721e+02,7.890712783560195476e+01
-4.591307435739631870e+01,1.084297025958523193e+02,7.893865687494748329e+01
-4.627504560562439195e+01,1.084082321542502143e+02,7.897212527299674889e+01
-4.662568125063419444e+01,1.083853124938932808e+02,7.900763698184253769e+01
-4.696444195574411395e+01,1.083609174213989803e+02,7.904519545917419521e+01
-4.729084816616175857e+01,1.083350885631439553e+02,7.908471165699515382e+01
-4.760450666601345660e+01,1.083079260316566632e+02,7.912601737321894291e+01
-4.790511294471252768e+01,1.082795768785688608e+02,7.916888222187510848e+01
-4.819243976824260045e+01,1.082502241168518395e+02,7.921302907207379462e+01
-4.846632797756052469e+01,1.082200770489371280e+02,7.925814728831083755e+01
-4.872667941347904019e+01,1.081893631265866986e+02,7.930390449139927966e+01
-4.897345135706470387e+01,1.081583206492886831e+02,7.934995673547450679e+01
-4.920665209183508182e+01,1.081271922184841969e+02,7.939595731958299041e+01
-4.942633732286308401e+01,1.080962191014653939e+02,7.944156454583148275e+01
-4.963260725464742507e+01,1.080656363209657798e+02,7.948644843543756622e+01
-4.982560417719647461e+01,1.080356683430903644e+02,7.953029641991813037e+01
-5.000551044360005193e+01,1.080065253130790950e+02,7.957281805831296140e+01
-5.017254674346568066e+01,1.079784000248641149e+02,7.961374899206688838e+01
-5.032697059237553816e+01,1.079514655457284960e+02,7.965285414780716167e+01
-5.046907497067184778e+01,1.079258732652700274e+02,7.968993008320917681e+01
-5.059918705758608581e+01,1.079017514655558756e+02,7.972480661328600604e+01
-5.071766701672444100e+01,1.078792043916378702e+02,7.975734777113508756e+01
-5.082490679766294761e+01,1.078583118092345785e+02,7.978745216745512892e+01
-5.092132892864968596e+01,1.078391289568592555e+02,7.981505275963853308e+01
-5.100738527994444382e+01,1.078216868856828370e+02,7.984011611015284871e+01
-5.108355578309708989e+01,1.078059931821610320e+02,7.986264122034320678e+01
-5.115034709802667834e+01,1.077909563687026235e+02,7.988411074082071650e+01
-5.120829122362090402e+01,1.077753558225871160e+02,7.990617982073304404e+01
-5.125794404838558194e+01,1.077594457396942857e+02,7.992851328730142768e+01
-5.129988384246320976e+01,1.077434597169982027e+02,7.995080501851076349e+01
-5.133470969268648076e+01,1.077276098469918679e+02,7.997277903780538111e+01
-5.136303988303104262e+01,1.077120908239628818e+02,7.999418384266300563e+01
-5.138551022423016690e+01,1.076970838964035408e+02,8.001478694465052399e+01
-5.140277233670230572e+01,1.076827611424610609e+02,8.003436898177638170e+01
-5.141549189123984576e+01,1.076692907103138452e+02,8.005271654228324962e+01
-5.142434681212775871e+01,1.076568440861313434e+02,8.006961227373697909e+01
-5.143002544752007310e+01,1.076456074580639211e+02,8.008481950012206596e+01
-5.143322471201759782e+01,1.076358017241565506e+02,8.009805523893403745e+01
-5.143464820647361080e+01,1.076277204652848241e+02,8.010893909835432680e+01
-5.143500432011575896e+01,1.076211677982344384e+02,8.011774832103931487e+01
-5.143464820647361080e+01,1.076146083227241803e+02,8.012655247521884405e+01
-5.143322471201759782e+01,1.076064998519010629e+02,8.013741607691183333e+01
-5.143002544752007310e+01,1.075966329805056176e+02,8.015060630239230477e+01
-5.142434681212773029e+01,1.075852879048320858e+02,8.016573279579345979e+01
-5.141549189123958286e+01,1.075726723535270963e+02,8.018250277075374299e+01
-5.140277233669984014e+01,1.075589596508206967e+02,8.020066997481116289e+01
-5.138551022421327730e+01,1.075443088264914593e+02,8.022000778246646746e+01
-5.136303988294050527e+01,1.075288760927077050e+02,8.024029389628536535e+01
-5.133470969228603309e+01,1.075128222345693416e+02,8.026130054722571572e+01
-5.129988384094519915e+01,1.074963179816343342e+02,8.028278741600462354e+01
-5.125794404331621479e+01,1.074795484218660988e+02,8.030449584837585064e+01
-5.120829120839913173e+01,1.074627170986488238e+02,8.032614350235759559e+01
-5.115034705628481504e+01,1.074460502665821622e+02,8.034741878694539707e+01
-5.108355567728424518e+01,1.074297961037650850e+02,8.036798204190466777e+01
-5.100738502775711680e+01,1.074127191450982366e+02,8.038947734939179668e+01
-5.092132835650703981e+01,1.073937121411660911e+02,8.041337557985686146e+01
-5.082490555590126036e+01,1.073727739102384788e+02,8.043966912598709484e+01
-5.071766442789607510e+01,1.073499276532390070e+02,8.046831854455095367e+01
-5.059918185531886792e+01,1.073252218947854146e+02,8.049925148656785723e+01
-5.046906486461014651e+01,1.072987311485285318e+02,8.053236208688619513e+01
-5.032695156508092538e+01,1.072705562374088117e+02,8.056751082683749132e+01
-5.017251194584689244e+01,1.072408242111548020e+02,8.060452487677771671e+01
-5.000544850480994086e+01,1.072096879007089569e+02,8.064319897918136348e+01
-4.982549668142852539e+01,1.071773250838565588e+02,8.068329686081001739e+01
-4.963242505948390004e+01,1.071439372594110324e+02,8.072455315246421037e+01
-4.942603530044110727e+01,1.071097479275131548e+02,8.076667568773612516e+01
-4.920616176358657867e+01,1.070750006177789686e+02,8.080934827458106895e+01
-4.897267076285626786e+01,1.070399567742357760e+02,8.085223389193107835e+01
-4.872545940250676466e+01,1.070048933651690959e+02,8.089497803273764021e+01
-4.846445392350693027e+01,1.069701003418634002e+02,8.093721204958636406e+01
-4.818960748040512243e+01,1.069358781719499945e+02,8.097855636654898603e+01
-4.790089724309385133e+01,1.069025357515405688e+02,8.101862339400385338e+01
-4.759832066337073542e+01,1.068703886941400469e+02,8.105701963820131084e+01
-4.728189066674283936e+01,1.068397582730949864e+02,8.109334655202049191e+01
-4.695162938018533794e+01,1.068109719494397467e+02,8.112719994411722269e+01
-4.660756056968310901e+01,1.067843655599390615e+02,8.115816681789374343e+01
-4.624971649217528125e+01,1.067602868491608348e+02,8.118582015120794892e+01
-4.587816721139816423e+01,1.067390974746186885e+02,8.120971674550372654e+01
-4.549304844675538106e+01,1.067211707053989329e+02,8.122939952936317809e+01
-4.509458937189125294e+01,1.067068851004672325e+02,8.124440535288947274e+01
-4.468313485064767576e+01,1.066966138322026012e+02,8.125427892576192335e+01
-4.425915563601414249e+01,1.066907095534218115e+02,8.125859139427582534e+01
-4.382324444044959932e+01,1.066894872856222065e+02,8.125696199054797830e+01
-4.337610039730139988e+01,1.066932064223930041e+02,8.124907952492486629e+01
-4.291850657717967010e+01,1.067020548782291769e+02,8.123472268024165999e+01
-4.245130484256470282e+01,1.067161351168550567e+02,8.121377680087940121e+01
-4.197536623478983131e+01,1.067354542254933705e+02,8.118624689013682882e+01
-4.149154590125309028e+01,1.067599210831957492e+02,8.115226066462680876e+01
-4.100068177512961398e+01,1.067894679639326228e+02,8.111190929151148055e+01
-4.050363235881803803e+01,1.068242142728324353e+02,8.106503113322104070e+01
-4.000125460422301416e+01,1.068642601000473888e+02,8.101148321624056337e+01
-3.949439715477186752e+01,1.069096533155273505e+02,8.095118413596301821e+01
-3.898389746997782623e+01,1.069603911647562882e+02,8.088411266238306041e+01
-3.847057876438793045e+01,1.070164221316779845e+02,8.081030543111789655e+01
-3.795524703868264282e+01,1.070776487024064778e+02,8.072985418845566130e+01
-3.743868840943905951e+01,1.071439305400190989e+02,8.064290227954091961e+01
-3.692166686140234333e+01,1.072150882150716171e+02,8.054964059886279415e+01
-3.640492248665568553e+01,1.072909074210981970e+02,8.045030309157297665e+01
-3.588917026239912644e+01,1.073711433888247910e+02,8.034516175255834014e+01
-3.537509933458259326e+01,1.074555257192889854e+02,8.023452146023906550e+01
-3.486337319455321904e+01,1.075437630793077517e+02,8.011871455298991407e+01
-3.435463385755240040e+01,1.076355470841692608e+02,7.999809679458668654e+01
-3.384950553205482748e+01,1.077305548212819701e+02,7.987304480077354185e+01
-3.334859421830066850e+01,1.078284515634198613e+02,7.974395340066078575e+01
-3.285248704836651967e+01,1.079288934362965051e+02,7.961123284732757099e+01
-3.236175175193353937e+01,1.080315300379857035e+02,7.947530599191529177e+01
-3.187693621526509347e+01,1.081360070445028896e+02,7.933660548445378424e+01
-3.139856814199384516e+01,1.082419687567690971e+02,7.919557100325036458e+01
-3.092715475878538811e+01,1.083490604851917283e+02,7.905264646939914996e+01
-3.046318259685535068e+01,1.084569308158233412e+02,7.890827730930146799e+01
-3.000711727987503608e+01,1.085652337444518025e+02,7.876290778282644567e+01
-2.955940336231069310e+01,1.086736306760064537e+02,7.861697840024022810e+01
-2.912046414481795509e+01,1.087817922654433573e+02,7.847092343312164076e+01
-2.869070151726673856e+01,1.088894001384416725e+02,7.832516856699533037e+01
-2.827049575972721840e+01,1.089961483800094868e+02,7.818012863246411825e+01
-2.786020534559335360e+01,1.091017449143813423e+02,7.803620551691955143e+01
-2.746016650160836292e+01,1.092059127261289433e+02,7.789378610369513467e+01
-2.707069258156143476e+01,1.093083911051002701e+02,7.775324018386625369e+01
-2.669207395028359642e+01,1.094089366559858121e+02,7.761491859866281118e+01
-2.632457793941820512e+01,1.095073240374871375e+02,7.747915166572865076e+01
-2.596844872829541373e+01,1.096033465430072056e+02,7.734624791535124189e+01
-2.562390710590498699e+01,1.096968163837562997e+02,7.721649302251455538e+01
-2.529115017013771549e+01,1.097875648617962270e+02,7.709014904808250890e+01
-2.497035094116601783e+01,1.098754423380271277e+02,7.696745389806149262e+01
-2.466165790516934564e+01,1.099603180260064335e+02,7.684862099602952412e+01
-2.436519452470847824e+01,1.100420797066807665e+02,7.673383920559807336e+01
-2.408105869997280379e+01,1.101206332737727536e+02,7.662327290774359767e+01
-2.380932221232989932e+01,1.101959021851167364e+02,7.651706225270591233e+01
-2.355003017488506245e+01,1.102678268711682961e+02,7.641532358797570623e+01
-2.330320048885592499e+01,1.103363640492011797e+02,7.631814999237026598e+01
-2.306882332712078565e+01,1.104014859833489766e+02,7.622561191068611208e+01
-2.284686066731906706e+01,1.104631797373800879e+02,7.613775788876171191e+01
-2.263724588682491046e+01,1.105214464195436506e+02,7.605461537842153064e+01
-2.243988347588382837e+01,1.105763003845660251e+02,7.597619159744884598e+01
-2.225464886252182950e+01,1.106277684229523857e+02,7.590247446919798335e+01
-2.208138823359987768e+01,1.106758889899008693e+02,7.583343355893721593e+01
-2.191991844800693201e+01,1.107207114793717864e+02,7.576902098981864242e+01
-2.177002706856935887e+01,1.107622955403291627e+02,7.570917233048977835e+01
-2.163147251427263384e+01,1.108007104336387556e+02,7.565380744398177626e+01
-2.150398433697389322e+01,1.108360344437312648e+02,7.560283130155134756e+01
-2.138726362039027151e+01,1.108683543396845010e+02,7.555613475522420686e+01
-2.128098349890053598e+01,1.108977648832561442e+02,7.551359526826291813e+01
-2.118478979283692709e+01,1.109243683804135685e+02,7.547507760571595270e+01
-2.109830175639709182e+01,1.109482742716035517e+02,7.544043448993549816e+01
-2.102111293364277955e+01,1.109695987534024795e+02,7.540950722746936208e+01
-2.095279211760073679e+01,1.109884644230169926e+02,7.538212631531037289e+01
-2.089288948237420485e+01,1.110050073434225766e+02,7.535810110270847417e+01
-2.084310966103372209e+01,1.110225443923158224e+02,7.533254007361782101e+01
-2.080390555348740733e+01,1.110425999984244072e+02,7.530319189588783502e+01
-2.077380495496061386e+01,1.110639252175949849e+02,7.527190218335485383e+01
-2.075156012393316374e+01,1.110856320701898028e+02,7.523998605807422280e+01
-2.073606018518271199e+01,1.111070629832888272e+02,7.520842040126943573e+01
-2.072628369155600581e+01,1.111277187413496677e+02,7.517794970397173415e+01
-2.072127018176664492e+01,1.111472141043078068e+02,7.514915112304184674e+01
-2.072010110856832910e+01,1.111652470691288954e+02,7.512247947670581993e+01
-2.072188482260164477e+01,1.111815740367874810e+02,7.509830362292943562e+01
-2.072574153891784832e+01,1.111959849612086231e+02,7.507694299122526616e+01
-2.073078316773067797e+01,1.112082710435137187e+02,7.505871529960411692e+01
-2.073607946390917078e+01,1.112181725598347271e+02,7.504401388911647075e+01
-2.074111584277820697e+01,1.112260409109987904e+02,7.503232369606544694e+01
