-6.203903824437368542e+00,2.183838823634808648e+02,-4.354094014718283745e+01
-6.222630357037338911e+00,2.183847169096182768e+02,-4.352672332594785587e+01
-6.278314734647473472e+00,2.183829481902631926e+02,-4.348404925704342361e+01
-6.371258351454290647e+00,2.183824790364803619e+02,-4.341288869815240048e+01
-6.501165131287145016e+00,2.183822807860432818e+02,-4.331318286746143542e+01
-6.667447698125531730e+00,2.183792459026707036e+02,-4.318485214825716412e+01
-6.870100191464572958e+00,2.183764406662255908e+02,-4.302780445148106736e+01
-7.108622507953411329e+00,2.183723220196382897e+02,-4.284200744116451176e+01
-7.382810885967657555e+00,2.183683770126831405e+02,-4.262747368798378034e+01
-7.692127081587250004e+00,2.183636753861350428e+02,-4.238418423487149767e+01
-8.036238732389270112e+00,2.183591536244594238e+02,-4.211220524568711454e+01
-8.414573265552347081e+00,2.183538214367576415e+02,-4.181162587475239434e+01
-8.826214361434324474e+00,2.183429504977062550e+02,-4.148266974042452659e+01
-9.271311163958774415e+00,2.183338553166131533e+02,-4.112537440976257130e+01
-9.749043136283942701e+00,2.183230548524588244e+02,-4.074005933428543358e+01
-1.025869970980067158e+01,2.183090418058419289e+02,-4.032698816746525239e+01
-1.080017578116380861e+01,2.182965375157196490e+02,-3.988643058477413206e+01
-1.137229934852630109e+01,2.182801800786385797e+02,-3.941871443061877756e+01
-1.197442636528527338e+01,2.182597290576972000e+02,-3.892422200220755713e+01
-1.260581655894024422e+01,2.182355312935655718e+02,-3.840319836304227863e+01
-1.326571620615565017e+01,2.182087445865081463e+02,-3.785582682201572169e+01
-1.395431322235591942e+01,2.181849203397954398e+02,-3.728297353526139091e+01
-1.466960768836063167e+01,2.181509127988646810e+02,-3.668528003046666441e+01
-1.541078808398762945e+01,2.181135126023448549e+02,-3.606228176600497903e+01
-1.617841944647503993e+01,2.180779857362096834e+02,-3.541555472782998493e+01
-1.697011906769289524e+01,2.180302312425280036e+02,-3.474555836044435608e+01
-1.778586432436723186e+01,2.179826935363704479e+02,-3.405225644412819008e+01
-1.862565999279408402e+01,2.179336123391191506e+02,-3.333762689462328410e+01
-1.948701300662943581e+01,2.178806485189385853e+02,-3.260056349182987390e+01
-2.036963286652678207e+01,2.178150258993537705e+02,-3.184372065576704358e+01
-2.127294547626477694e+01,2.177529998444614989e+02,-3.106605061565084114e+01
-2.219544665753093682e+01,2.176765557908258018e+02,-3.026999520654933917e+01
-2.313653940195450787e+01,2.176026832112797251e+02,-2.945447427500616300e+01
-2.409528154665037292e+01,2.175167965506709891e+02,-2.862228157618519830e+01
-2.506969360799694257e+01,2.174283867356502356e+02,-2.777165995275998966e+01
-2.606068332436625923e+01,2.173348747508502186e+02,-2.690624433335867849e+01
-2.706404439731687717e+01,2.172295905371491358e+02,-2.602367681117417675e+01
-2.808273535083716155e+01,2.171303491705985778e+02,-2.512754818805966650e+01
-2.911122030773174174e+01,2.170111478953355117e+02,-2.421647519971711660e+01
-3.015251931702886523e+01,2.169036780713128678e+02,-2.329231513807193821e+01
-3.120192672070761120e+01,2.167712786415065978e+02,-2.235625794924598964e+01
-3.225983234456269599e+01,2.166456208048415704e+02,-2.140683030004560194e+01
-3.332621077523425157e+01,2.165091952549272207e+02,-2.044870990449214432e+01
-3.439556427060841770e+01,2.163590561327056321e+02,-1.947756976048581379e+01
-3.547316180507431227e+01,2.162234367262710748e+02,-1.849875367791849712e+01
-3.655167800607711115e+01,2.160595745091726201e+02,-1.751101013347634705e+01
-3.763287708308194368e+01,2.159058220418931455e+02,-1.651381959484365325e+01
-3.871658747991172334e+01,2.157379560088959636e+02,-1.551266900899644163e+01
-3.979514298863981736e+01,2.155609270251281089e+02,-1.449941778788243596e+01
-4.087618458494934259e+01,2.153980349028227010e+02,-1.348319632389494238e+01
-4.195118127177180156e+01,2.152077551925218586e+02,-1.246106881664305988e+01
-4.317518008513643224e+01,2.150070305859955511e+02,-1.128294890508220050e+01
-4.425926271886551433e+01,2.148106222671123078e+02,-1.023639771303013291e+01
-4.532324189164948791e+01,2.146148060518902696e+02,-9.180516334935642675e+00
-4.638429546465150111e+01,2.144277616711772225e+02,-8.127709955180666412e+00
-4.742481138785689154e+01,2.142173968668758164e+02,-7.070422810429718652e+00
-4.845071929264524613e+01,2.140292929106582562e+02,-6.011113479139476468e+00
-4.946560361470507416e+01,2.138215341934749745e+02,-4.956746179563483068e+00
-5.045010934708778905e+01,2.136200383081037160e+02,-3.894561295978895998e+00
-5.142628469534295732e+01,2.134232203540931607e+02,-2.840800148684060389e+00
-5.237650818191607272e+01,2.132105616666870844e+02,-1.787017299949479110e+00
-5.331074676996769313e+01,2.130207323426586754e+02,-7.387202086769466547e-01
-5.422609891236932356e+01,2.128104121598137795e+02,3.013384665057063927e-01
-5.511639023788175251e+01,2.126158556937182311e+02,1.338116853106365411e+00
-5.599315313441211117e+01,2.124159684756629360e+02,2.360968192789551168e+00
-5.683974654835050444e+01,2.122183003669017864e+02,3.379781330088505342e+00
-5.767194224505962552e+01,2.120297398416986709e+02,4.383115535338509616e+00
-5.847709829559342154e+01,2.118305909794845263e+02,5.376382553111318074e+00
-5.926409525746758789e+01,2.116524292459362755e+02,6.354452972423816348e+00
-6.002536187145795310e+01,2.114551587557333789e+02,7.318027466850761442e+00
-6.076629049886169298e+01,2.112848021781132104e+02,8.265350864458950397e+00
-6.148199229270976218e+01,2.110945201365046842e+02,9.194939125432400218e+00
-6.217636151434908243e+01,2.109324493081594483e+02,1.010624478244031543e+01
-6.284502423312662245e+01,2.107512215837968199e+02,1.099746728233695059e+01
-6.349236991532550434e+01,2.105975648258809940e+02,1.186770872684557254e+01
-6.411303472129165471e+01,2.104277717876611291e+02,1.271614764363607009e+01
-6.471246538413409155e+01,2.102783438310368069e+02,1.354054092525073472e+01
-6.528489829966959235e+01,2.101255362069308319e+02,1.434182264455179556e+01
-6.583480196710567611e+01,2.099781551965036215e+02,1.511650773434514683e+01
-6.635976335696611272e+01,2.098460673734507793e+02,1.586578720274960119e+01
-6.685891089974886370e+01,2.097040556434174050e+02,1.658736791457772597e+01
-6.733503136715697224e+01,2.095770604597568365e+02,1.728015742531988508e+01
-6.778580469411413389e+01,2.094603300268317412e+02,1.794437271476580520e+01
-6.821102750856408647e+01,2.093415007930318836e+02,1.857832402522230808e+01
-6.861127967416764761e+01,2.092256860730362860e+02,1.918109949306536066e+01
-6.898766532972037169e+01,2.091252269992778849e+02,1.975200664683298868e+01
-6.933908461911326526e+01,2.090306453019216519e+02,2.029029584925761753e+01
-6.966558398480046321e+01,2.089417185101042946e+02,2.079516886258923591e+01
-6.996792348111721083e+01,2.088642126904646830e+02,2.126583362611198069e+01
-7.024489366528666778e+01,2.087849884158435998e+02,2.170149276976358266e+01
-7.049799977219650771e+01,2.087159996169310716e+02,2.210140432218082296e+01
-7.072601723316793709e+01,2.086446544507178942e+02,2.246491967504351805e+01
-7.093169190811057945e+01,2.085957592049333016e+02,2.279150362748041658e+01
-7.111197380205123864e+01,2.085409643324620390e+02,2.308068446111983718e+01
-7.126867299322951510e+01,2.084969405818394819e+02,2.333206525539991816e+01
-7.140126389406148633e+01,2.084603827623370194e+02,2.354541056457693315e+01
-7.150905691296968314e+01,2.084245765296503237e+02,2.372039940245367262e+01
-7.159319521223241622e+01,2.083997642587513894e+02,2.385677247705061887e+01
-7.165334946922352799e+01,2.083827074976138078e+02,2.395432711782714108e+01
-7.168939663867088541e+01,2.083721300592422949e+02,2.401291882164554892e+01
-7.170159225955023885e+01,2.083702696696053351e+02,2.403245931868858776e+01
