-5.438742918339953825e+00,1.085006830336358377e+02,-5.613938986514897067e+01
-5.449755719461399472e+00,1.085031303225848802e+02,-5.612324901795660281e+01
-5.482864687714170238e+00,1.085115814798193270e+02,-5.607481975007270592e+01
-5.537946983706802051e+00,1.085260015872947577e+02,-5.599409374827301633e+01
-5.614900976519614950e+00,1.085473307804771821e+02,-5.588105598296693444e+01
-5.713070597491809899e+00,1.085719865748843063e+02,-5.573568584852974084e+01
-5.832517020525182616e+00,1.086039582814992741e+02,-5.555795776690273868e+01
-5.972487894214080661e+00,1.086402230305047425e+02,-5.534784191416994759e+01
-6.133008204245444794e+00,1.086858835504197600e+02,-5.510530437428919726e+01
-6.312785815220417263e+00,1.087344068768615273e+02,-5.483029534042753284e+01
-6.510937612564942079e+00,1.087850970116717519e+02,-5.452267940141125990e+01
-6.728339341811483187e+00,1.088477339999032836e+02,-5.418278205452563867e+01
-6.963104471461754486e+00,1.089124122600818794e+02,-5.381053201318599122e+01
-7.214623556455920905e+00,1.089815519579112504e+02,-5.340588946012593397e+01
-7.481803491077329227e+00,1.090543427202292008e+02,-5.296876561725070331e+01
-7.764623949721055851e+00,1.091374970738948065e+02,-5.249929257646266478e+01
-8.060552330968974388e+00,1.092183717236197253e+02,-5.199734074592715416e+01
-8.369549424248166503e+00,1.093088171110368165e+02,-5.146277029344796716e+01
-8.689647776254474820e+00,1.094029979987926566e+02,-5.089543752266158094e+01
-9.019455393753698758e+00,1.095019488989219951e+02,-5.029514545258719238e+01
-9.358741862469205586e+00,1.096161568036457084e+02,-4.966184241557184720e+01
-9.704392743815379418e+00,1.097239135473277116e+02,-4.899583131651021262e+01
-1.005733229326334488e+01,1.098376755996546876e+02,-4.829773588066419165e+01
-1.041635197797015522e+01,1.099614507335220139e+02,-4.756742725674470762e+01
-1.077724689448025686e+01,1.100944562491036862e+02,-4.680323256074880334e+01
-1.113977630060290380e+01,1.102243500210410616e+02,-4.600679428761506529e+01
-1.150566057484438787e+01,1.103631548496727390e+02,-4.517940802923679655e+01
-1.186961600949678264e+01,1.105128650567045980e+02,-4.431863206930768229e+01
-1.223145089321813295e+01,1.106585526886886583e+02,-4.342640825201434041e+01
-1.259533013015389180e+01,1.108235583156714057e+02,-4.250492020094851142e+01
-1.294695288819109358e+01,1.109805510610229788e+02,-4.154805567713118108e+01
-1.329973917153389174e+01,1.111561307628702480e+02,-4.056370092250539727e+01
-1.364278513736654119e+01,1.113286435954897939e+02,-3.954757147567715236e+01
-1.397470507804307260e+01,1.115192741289422855e+02,-3.849858519686209490e+01
-1.430504146930968190e+01,1.117032351229470635e+02,-3.742567012519430136e+01
-1.462029882798428027e+01,1.119047603894070733e+02,-3.631991445817396880e+01
-1.493260779623112633e+01,1.121028975049100609e+02,-3.519167597130618219e+01
-1.522338109386750915e+01,1.123166599748585099e+02,-3.402920397267625674e+01
-1.551320223426843725e+01,1.125294604509828531e+02,-3.284796301837629784e+01
-1.577605307217748987e+01,1.127566449149183256e+02,-3.163177185873156105e+01
-1.603889335270481098e+01,1.129836707280333741e+02,-3.040003649301687005e+01
-1.627137056513350899e+01,1.132247465364410317e+02,-2.913393310350367216e+01
-1.650340663743355663e+01,1.134658714086126139e+02,-2.785474089732440106e+01
-1.670346462468839377e+01,1.137210006137447920e+02,-2.654292581968936915e+01
-1.690162737237317714e+01,1.139762309087127932e+02,-2.521988891727632165e+01
-1.706740743355344847e+01,1.142449804088908536e+02,-2.386681609111184699e+01
-1.722938789406189386e+01,1.145142705618265495e+02,-2.250411647917805169e+01
-1.735938527620977112e+01,1.147959359941486639e+02,-2.111455638591802142e+01
-1.748383969402621574e+01,1.150791043860185567e+02,-1.971706035319673589e+01
-1.757810279632172268e+01,1.153721509389424540e+02,-1.829687624045573457e+01
-1.766603106653113286e+01,1.156679420535088809e+02,-1.687104949504575302e+01
-1.772721929910477101e+01,1.159813856162909218e+02,-1.537636414651808714e+01
-1.777606118854883022e+01,1.162634966518095894e+02,-1.404515510363101605e+01
-1.780009370169951310e+01,1.165417348456665252e+02,-1.272409927515344208e+01
-1.781788366477763219e+01,1.168233047343760944e+02,-1.140900184580953614e+01
-1.781781978950704470e+01,1.171092921311600890e+02,-1.010478526551751344e+01
-1.780724637143584843e+01,1.173879794956851583e+02,-8.810097077239294805e+00
-1.778359668598864118e+01,1.176737173131829479e+02,-7.527485496858658642e+00
-1.774706019850619754e+01,1.179498276692813334e+02,-6.257632393230775136e+00
-1.770104409258821221e+01,1.182343404424730124e+02,-5.001343867430474432e+00
-1.764060812576165205e+01,1.185063934042413649e+02,-3.760730763599442028e+00
-1.757333212424633473e+01,1.187882247030715064e+02,-2.535425633673305867e+00
-1.749108409905577943e+01,1.190547422184945816e+02,-1.328363296807065996e+00
-1.740380225506303091e+01,1.193323249574672360e+02,-1.385559982499003362e-01
-1.730218218553787679e+01,1.195921243468907704e+02,1.030850547884183399e+00
-1.719656272817726261e+01,1.198636141429666111e+02,2.180898632383472258e+00
-1.707853766124035744e+01,1.201156981286609806e+02,3.308826696439865156e+00
-1.695680651885437840e+01,1.203795393219733398e+02,4.415152111076277919e+00
-1.682542007391165484e+01,1.206228201183170796e+02,5.497949919770756644e+00
-1.668999938787769821e+01,1.208776680569025643e+02,6.556796506936608537e+00
-1.654826416278494605e+01,1.211113073710610877e+02,7.590957168642626485e+00
-1.640169144147050773e+01,1.213558818127561096e+02,8.598773771967676893e+00
-1.625324649301598612e+01,1.215854179747714028e+02,9.580957047350807443e+00
-1.609747942191797065e+01,1.218117955652241307e+02,1.053441781458444204e+01
-1.594219872216210732e+01,1.220383165262474137e+02,1.146046307134306907e+01
-1.578275861535009739e+01,1.222432977478421066e+02,1.235739391741764948e+01
-1.562274118820575453e+01,1.224566984412293635e+02,1.322440363398502505e+01
-1.546323387513510816e+01,1.226601512054980532e+02,1.406151216032075979e+01
-1.530176924866855259e+01,1.228484529685680542e+02,1.486724551821458107e+01
-1.514156397927196451e+01,1.230387758598595838e+02,1.564118881089664193e+01
-1.498360405276560314e+01,1.232226156832991535e+02,1.638310320944259857e+01
-1.482738111082647414e+01,1.233925845655955555e+02,1.709228509340027813e+01
-1.467310197736486188e+01,1.235547573037707849e+02,1.776784821895732946e+01
-1.452224589749269335e+01,1.237098654262400146e+02,1.840950621160163792e+01
-1.437594821460194616e+01,1.238586453015303448e+02,1.901690115875189591e+01
-1.423456371773426987e+01,1.239993059524350798e+02,1.958955169731658685e+01
-1.409848571259842842e+01,1.241299435741855177e+02,2.012702806202861083e+01
-1.396869697949267852e+01,1.242535475453408225e+02,2.062896034314800886e+01
-1.384552921600173292e+01,1.243668957753604758e+02,2.109501640891484797e+01
-1.373006541417464810e+01,1.244747368939245291e+02,2.152487521878819976e+01
-1.362205219100830789e+01,1.245703483884300766e+02,2.191821366946699357e+01
-1.352302966784404425e+01,1.246605498091583399e+02,2.227486157125879984e+01
-1.343222501142675185e+01,1.247345499606462198e+02,2.259454534713643170e+01
-1.335179311425949322e+01,1.248078743850062153e+02,2.287708082431559475e+01
-1.328055157649665041e+01,1.248648153206021192e+02,2.312230685706412459e+01
-1.322024428747574731e+01,1.249185824869908430e+02,2.333006757322746694e+01
-1.317026735250089864e+01,1.249605313196661456e+02,2.350023183919456926e+01
-1.313102363842258136e+01,1.249921066850413212e+02,2.363269259326403926e+01
-1.310287321471348854e+01,1.250148636716106978e+02,2.372736680925364183e+01
-1.308605454368455412e+01,1.250297571837535742e+02,2.378419435852331176e+01
-1.308035134278262923e+01,1.250339082170128506e+02,2.380314018946562271e+01
