-1.274023301907158867e+01,-9.035648099143006107e+01,-5.240052140514915635e+01
-1.273210341750511709e+01,-9.036123619451194600e+01,-5.238581002667408626e+01
-1.270779245237603483e+01,-9.037572331596314257e+01,-5.234166544813074040e+01
-1.266739659301737042e+01,-9.039950991383571477e+01,-5.226806806693259233e+01
-1.261120808796981052e+01,-9.043308758546733372e+01,-5.216498299115339421e+01
-1.253952137941566036e+01,-9.047607093142163137e+01,-5.203236227321374940e+01
-1.245274572089731002e+01,-9.052828015623684621e+01,-5.187014545089253659e+01
-1.235140550796804959e+01,-9.058976097784824333e+01,-5.167826036921352539e+01
-1.223608856925487132e+01,-9.066031292068484504e+01,-5.145662416607603973e+01
-1.210749483618408462e+01,-9.073990897177239390e+01,-5.120514061445640408e+01
-1.196605264833661408e+01,-9.082848770716407216e+01,-5.092389527673542915e+01
-1.181155889813702231e+01,-9.092557679420603733e+01,-5.061332812579760088e+01
-1.164474924790438060e+01,-9.103130186286048797e+01,-5.027344260282143296e+01
-1.146641726035956133e+01,-9.114525738931018850e+01,-4.990421687255928873e+01
-1.127745865246402168e+01,-9.126736110863592444e+01,-4.950562803062519635e+01
-1.107838848898453854e+01,-9.139766755365084805e+01,-4.907790173527817501e+01
-1.087019266780267657e+01,-9.153559200162099785e+01,-4.862100798625269960e+01
-1.065389936768368351e+01,-9.168057173602568355e+01,-4.813492951440397860e+01
-1.043066808670187662e+01,-9.183321876556223629e+01,-4.761967855068799338e+01
-1.020177815485402917e+01,-9.199261770646880620e+01,-4.707514910803090658e+01
-9.968942679116205241e+00,-9.216078550614783182e+01,-4.650119989165906276e+01
-9.732656827314787762e+00,-9.233411784632471608e+01,-4.589805989483985371e+01
-9.493284748597417888e+00,-9.251407814023478693e+01,-4.526634738066614716e+01
-9.251276730724651287e+00,-9.270024640749299749e+01,-4.460655755226453323e+01
-9.009555077688519376e+00,-9.289439475458678430e+01,-4.391800509070831282e+01
-8.771653092271213481e+00,-9.309435590170922126e+01,-4.319947992782232404e+01
-8.533096877945444803e+00,-9.329822734792884376e+01,-4.245413722025662651e+01
-8.296779146520645298e+00,-9.351032003821556771e+01,-4.168153505246594648e+01
-8.069123216219860950e+00,-9.372826164338378874e+01,-4.087897207601973548e+01
-7.843846257971833325e+00,-9.395099483323811285e+01,-4.005070627792600391e+01
-7.623968971491155600e+00,-9.417833745219088826e+01,-3.919604688138085180e+01
-7.415580636930078740e+00,-9.441266715746138516e+01,-3.831281438480231571e+01
-7.210660211027114741e+00,-9.465148731247047920e+01,-3.740619395659881974e+01
-7.027462233924424595e+00,-9.489604103171927818e+01,-3.646741540689297523e+01
-6.841945351030773281e+00,-9.514561214812579237e+01,-3.551045843803419899e+01
-6.672426725041178841e+00,-9.539977084301439447e+01,-3.452646316237433410e+01
-6.513303718771242146e+00,-9.565885913662181395e+01,-3.351954961397114374e+01
-6.364721159786068228e+00,-9.592247598153367960e+01,-3.249070902856030330e+01
-6.234773370630049882e+00,-9.619042435547089553e+01,-3.143666593578214474e+01
-6.111486535341445148e+00,-9.646275065476906718e+01,-3.036501473312162958e+01
-6.012757251988257501e+00,-9.673892276677231905e+01,-2.926719404675845482e+01
-5.918255860213226249e+00,-9.701909424809821303e+01,-2.815534645735160169e+01
-5.852383609008719567e+00,-9.730272036372556954e+01,-2.701741932553468573e+01
-5.789450910436071851e+00,-9.758987805905428559e+01,-2.586847059187911313e+01
-5.757614705363033103e+00,-9.788014110790659572e+01,-2.469444438995009605e+01
-5.728422459299382652e+00,-9.817331111271606403e+01,-2.351189507515724486e+01
-5.731223191879483814e+00,-9.846942451619828773e+01,-2.230616399920827320e+01
-5.736624583396782384e+00,-9.876528681336401405e+01,-2.109415736848810852e+01
-5.774631906197214448e+00,-9.906627283071701129e+01,-1.986117591133513827e+01
-5.817009675078146813e+00,-9.937269273597743791e+01,-1.862370862180326725e+01
-5.889421677397737476e+00,-9.967449220147298661e+01,-1.736853287388564837e+01
-5.973835704028513049e+00,-9.999689243743445388e+01,-1.605081155572905161e+01
-6.071621163048293468e+00,-1.002747860914368943e+02,-1.488393630598553763e+01
-6.175442860852677462e+00,-1.005587860061530563e+02,-1.372149547108302237e+01
-6.300594398536345508e+00,-1.008301616158615701e+02,-1.257131649070566404e+01
-6.429871007500364222e+00,-1.011064595449611545e+02,-1.142722956895765662e+01
-6.580243029644265995e+00,-1.013725211201808492e+02,-1.029755494419814887e+01
-6.732978396692386625e+00,-1.016403211238908995e+02,-9.175750128763185742e+00
-6.905972359483698142e+00,-1.018997446973139063e+02,-8.070274120488960534e+00
-7.080151509750257866e+00,-1.021584510076115606e+02,-6.974613492713334750e+00
-7.272815604051420024e+00,-1.024099003016237077e+02,-5.896835077259518165e+00
-7.466050814851960205e+00,-1.026590683229343597e+02,-4.830962264633319236e+00
-7.675392600071928584e+00,-1.029010232145043773e+02,-3.784294694331599374e+00
-7.885107528654843989e+00,-1.031406689114260899e+02,-2.751675563326712037e+00
-8.108036697993473041e+00,-1.033713130580046879e+02,-1.739411218302030493e+00
-8.331849581856744180e+00,-1.036018610730695855e+02,-7.434660956065513027e-01
-8.564914793544431859e+00,-1.038188155415632679e+02,2.313314455883466181e-01
-8.800128728731488437e+00,-1.040410722150372891e+02,1.187440175417087129e+00
-9.039915838194096054e+00,-1.042415606777623651e+02,2.121806408738173388e+00
-9.283773440089900575e+00,-1.044571763137681017e+02,3.035111657797103124e+00
-9.527306290588967386e+00,-1.046431914464120609e+02,3.926252488330194801e+00
-9.775607500447241804e+00,-1.048423814539181080e+02,4.794034018693999144e+00
-1.002066386713082302e+01,-1.050236332705753171e+02,5.639339458020676155e+00
-1.026898634801277055e+01,-1.051973578716934270e+02,6.459162580637648254e+00
-1.051608961834470612e+01,-1.053781401544290190e+02,7.254923801561448116e+00
-1.075895042659775847e+01,-1.055360269074565593e+02,8.025702563606495588e+00
-1.100122023207074484e+01,-1.056940614678429995e+02,8.770178403258862332e+00
-1.123994576902026843e+01,-1.058525708118784081e+02,9.488680805506522375e+00
-1.147286546023888043e+01,-1.059931479414244393e+02,1.018054182278403275e+01
-1.170230376166094466e+01,-1.061280101351413663e+02,1.084459487479106166e+01
-1.192710019806351340e+01,-1.062673529193545505e+02,1.148096196324651963e+01
-1.214454699662822001e+01,-1.063926968209574824e+02,1.208922973777176502e+01
-1.235427098823991798e+01,-1.065024671659306250e+02,1.266880007751669091e+01
-1.255833223385686459e+01,-1.066197026897163198e+02,1.321916475086106502e+01
-1.275428319978775882e+01,-1.067256261862175961e+02,1.373989019004822154e+01
-1.294162516812687080e+01,-1.068244837284906907e+02,1.423075615038614927e+01
-1.311972471646532945e+01,-1.069158233089944616e+02,1.469143663614444328e+01
-1.328805671129932797e+01,-1.069990225699301050e+02,1.512159011213663895e+01
-1.344625293064249405e+01,-1.070742364633627801e+02,1.552087963867962550e+01
-1.359406785973138554e+01,-1.071454943669836979e+02,1.588911188290524557e+01
-1.373077432434844702e+01,-1.072112585953428265e+02,1.622608814150041212e+01
-1.385670184059794252e+01,-1.072776093650356444e+02,1.653154600106282857e+01
-1.396909998924652463e+01,-1.073225989293057410e+02,1.680530987760795369e+01
-1.407076006642902932e+01,-1.073766425562389344e+02,1.704722516907517260e+01
-1.415814197595407542e+01,-1.074095056229346454e+02,1.725715640233512005e+01
-1.423350518716492452e+01,-1.074456976331923101e+02,1.743498674364010981e+01
-1.429569622211093005e+01,-1.074768141676450739e+02,1.758061775927573223e+01
-1.434365081997162861e+01,-1.074948463777276544e+02,1.769396921311934179e+01
-1.437852499205950352e+01,-1.075124498518129315e+02,1.777497901036392491e+01
-1.439937301623252530e+01,-1.075217897871336987e+02,1.782360184086967081e+01
-1.440619611715545823e+01,-1.075236002224644380e+02,1.783981149092959484e+01
