-2.664857453848999924e+01,2.823820130105735871e+01,8.858954162903270912e+01
-2.664829347356043954e+01,2.825140769243060745e+01,8.858534981095519356e+01
-2.664883794473532674e+01,2.826770927447973847e+01,8.858011279011329009e+01
-2.665083308312014765e+01,2.828747030910993843e+01,8.857367041088812698e+01
-2.665494691033609698e+01,2.831002170019393915e+01,8.856618913666314086e+01
-2.666183733727895344e+01,2.833478265457480205e+01,8.855780818383398412e+01
-2.667215445190664980e+01,2.836117314365527164e+01,8.854866742231514820e+01
-2.668654128393019676e+01,2.838856008417603505e+01,8.853892466611051759e+01
-2.670563401128962155e+01,2.841621623400002861e+01,8.852876898298168840e+01
-2.673006218791185518e+01,2.844327922866578007e+01,8.851843399112848942e+01
-2.676044945457239521e+01,2.846870075791520449e+01,8.850821429894027403e+01
-2.679741533404983400e+01,2.849117283149430691e+01,8.849848920817909459e+01
-2.684157919598789732e+01,2.850900748847266897e+01,8.848976114927573633e+01
-2.689356877299589499e+01,2.851991794478397324e+01,8.848272527916665808e+01
-2.695377725493290555e+01,2.852629527109574070e+01,8.847658375802743080e+01
-2.702243779464688345e+01,2.853354942589449195e+01,8.846957331627646681e+01
-2.710000519423847010e+01,2.854173913840035226e+01,8.846163894572995900e+01
-2.718691050051053182e+01,2.855090761325829973e+01,8.845273122062057780e+01
-2.728355924877998717e+01,2.856109478165492277e+01,8.844280238959457563e+01
-2.739033034881669337e+01,2.857233707844438797e+01,8.843180645310646071e+01
-2.750757504584871072e+01,2.858466721080775486e+01,8.841969924845945172e+01
-2.763561596012074872e+01,2.859811391833492777e+01,8.840643854748569197e+01
-2.777474621176028791e+01,2.861270173528984273e+01,8.839198420394296818e+01
-2.792522862636250025e+01,2.862845073270602114e+01,8.837629828338189952e+01
-2.808729502476089479e+01,2.864537624345782874e+01,8.835934518510266855e+01
-2.826114560361438066e+01,2.866348858449391557e+01,8.834109179752071839e+01
-2.844694840680627124e+01,2.868279277206046629e+01,8.832150766904324257e+01
-2.864483889253827087e+01,2.870328824063981443e+01,8.830056521999026131e+01
-2.885491960978161785e+01,2.872496860035968425e+01,8.827824009217572154e+01
-2.907725994217380716e+01,2.874782133574203513e+01,8.825451132376338137e+01
-2.931189593481115452e+01,2.877182751696818030e+01,8.822936154258265162e+01
-2.955883022749437572e+01,2.879696155192894125e+01,8.820277723346656273e+01
-2.981803212242756373e+01,2.882319103650429426e+01,8.817474924527866165e+01
-3.008943770415415742e+01,2.885047654528933236e+01,8.814527303566634941e+01
-3.037295003306742558e+01,2.887877141851847185e+01,8.811434880198663677e+01
-3.066843948182487622e+01,2.890802169736231519e+01,8.808198193826456190e+01
-3.097574417723382822e+01,2.893816614207826632e+01,8.804818359022448249e+01
-3.129467042494509954e+01,2.896913610911119363e+01,8.801297060138412576e+01
-3.162499330744351056e+01,2.900085565120608067e+01,8.797636593573732000e+01
-3.196645739919917162e+01,2.903324174980262384e+01,8.793839927336337325e+01
-3.231877740565914792e+01,2.906620435989661999e+01,8.789910678744712413e+01
-3.268163904381238183e+01,2.909964679539103827e+01,8.785853168587799189e+01
-3.305469993270428120e+01,2.913346610637131207e+01,8.781672444110948561e+01
-3.343759046157821757e+01,2.916755339914253042e+01,8.777374254995847025e+01
-3.382991494487218631e+01,2.920179456412599706e+01,8.772965121622458184e+01
-3.423125256309470643e+01,2.923607069468559772e+01,8.768452278962104174e+01
-3.464115861330404300e+01,2.927025887818416550e+01,8.763843702037182481e+01
-3.505916574330214530e+01,2.930423289003835663e+01,8.759148078314761676e+01
-3.548478524081027530e+01,2.933786394652564056e+01,8.754374779361396008e+01
-3.591750842979790548e+01,2.937102161015052459e+01,8.749533855712535058e+01
-3.635680793883290818e+01,2.940357453012457256e+01,8.744635960491396531e+01
-3.680213924398331926e+01,2.943539148100175140e+01,8.739692342159453631e+01
-3.725294197374576299e+01,2.946634214223563575e+01,8.734714742865160986e+01
-3.770864154085914777e+01,2.949629818479372290e+01,8.729715373794232391e+01
-3.816865049959205436e+01,2.952513408971367426e+01,8.724706799793048617e+01
-3.863237022780050722e+01,2.955272822062610771e+01,8.719701891627332202e+01
-3.909919233762805391e+01,2.957896365807590300e+01,8.714713703715617044e+01
-3.956850038400821745e+01,2.960372921144896097e+01,8.709755404186979888e+01
-4.003967132330006962e+01,2.962692023510635764e+01,8.704840150898294837e+01
-4.051207723130576710e+01,2.964843953956779643e+01,8.699981003219745901e+01
-4.098508680392387049e+01,2.966819815452585019e+01,8.695190801940265146e+01
-4.145806702757113982e+01,2.968611610826908631e+01,8.690482069070162652e+01
-4.193038422472574211e+01,2.970212318423686071e+01,8.685866898610896669e+01
-4.240140523031772091e+01,2.971615981192177713e+01,8.681356846081794743e+01
-4.287049886770279272e+01,2.972817796851125038e+01,8.676962821924726654e+01
-4.333703760501374092e+01,2.973814194160549818e+01,8.672694978639349017e+01
-4.380039913357625636e+01,2.974602904009794813e+01,8.668562623712074355e+01
-4.425996803816060066e+01,2.975183010235307179e+01,8.664574118899433586e+01
-4.471513740908280710e+01,2.975554997312583438e+01,8.660736819621514826e+01
-4.516531049683184307e+01,2.975720772170031481e+01,8.657056990857878986e+01
-4.560990231402005435e+01,2.975683688937141014e+01,8.653539784899736276e+01
-4.604834121392326551e+01,2.975448540343557724e+01,8.650189175195500013e+01
-4.648007039212711078e+01,2.975021560646643692e+01,8.647007974690943399e+01
-4.690454975629958767e+01,2.974405602641920510e+01,8.643999421742033462e+01
-4.732125948381898439e+01,2.973570651862716829e+01,8.641177377082387068e+01
-4.772969692130196506e+01,2.972477283386522373e+01,8.638558207930324784e+01
-4.812937777104662018e+01,2.971093886197491329e+01,8.636154947568435603e+01
-4.851984183031855480e+01,2.969396750929968931e+01,8.633977157758322107e+01
-4.890065701082954064e+01,2.967369939694089354e+01,8.632031040554446122e+01
-4.927142276200450510e+01,2.965004988384200502e+01,8.630319528268796603e+01
-4.963177314889742320e+01,2.962300488920367414e+01,8.628842443514601257e+01
-4.998137913813473432e+01,2.959261590461499836e+01,8.627596780030174273e+01
-5.031994945200946745e+01,2.955899379989185505e+01,8.626576889470997855e+01
-5.064722991809720298e+01,2.952230276945314102e+01,8.625774840668844945e+01
-5.096300143771136248e+01,2.948275399073435210e+01,8.625180705957491512e+01
-5.126707735647302400e+01,2.944059939820315819e+01,8.624782813674644899e+01
-5.155930094447077749e+01,2.939612609125500597e+01,8.624568095872558615e+01
-5.183954271401064062e+01,2.934965077034812708e+01,8.624522329959765443e+01
-5.210770023321593669e+01,2.930151427202871162e+01,8.624630349118270090e+01
-5.236369948516416173e+01,2.925207603328247785e+01,8.624876329457069346e+01
-5.260749593192538498e+01,2.920170810025692987e+01,8.625244029085180841e+01
-5.283907528574563628e+01,2.915078893219528311e+01,8.625716991968350555e+01
-5.305845409251429601e+01,2.909969748019842939e+01,8.626278806337980143e+01
-5.326568012013918718e+01,2.904880743185973557e+01,8.626913341986170281e+01
-5.346083256544916651e+01,2.899848168489598876e+01,8.627604947764936583e+01
-5.364402210478638722e+01,2.894906719998497024e+01,8.628338622531703095e+01
-5.381539081234866728e+01,2.890089038180015635e+01,8.629100178504560859e+01
-5.397511195035787779e+01,2.885425301048945101e+01,8.629876384000476719e+01
-5.412338963401879965e+01,2.880942873201342636e+01,8.630655073633687380e+01
-5.426045838401074661e+01,2.876666016648574242e+01,8.631425234333437402e+01
-5.438658257259758955e+01,2.872615664173287797e+01,8.632177065018737494e+01
-5.450205576890601833e+01,2.868809254642366469e+01,8.632902008536704841e+01
-5.460720000199553681e+01,2.865260637772051311e+01,8.633592783061384068e+01
-5.470236493155240254e+01,2.861980035265024469e+01,8.634243382264405398e+01
-5.478792693417733517e+01,2.858974056988209966e+01,8.634849052180641138e+01
-5.486428811229870917e+01,2.856245769547303226e+01,8.635406251796835875e+01
-5.493187522994559657e+01,2.853794812138460557e+01,8.635912599437929771e+01
-5.499113857938784378e+01,2.851462009415581633e+01,8.636418164367752581e+01
-5.504255078239591370e+01,2.849069627878783706e+01,8.636978974917828111e+01
-5.508660553001722349e+01,2.846653018701393734e+01,8.637580647721077298e+01
-5.512381626444717853e+01,2.844244485666148492e+01,8.638209862800302119e+01
-5.515471480672852778e+01,2.841873161658926250e+01,8.638854393110742080e+01
-5.517984993410960470e+01,2.839565609019918924e+01,8.639502895215332501e+01
-5.519978591089608955e+01,2.837346397237683604e+01,8.640144708269077967e+01
-5.521510097672624795e+01,2.835238726793675568e+01,8.640769639045879558e+01
-5.522638579633235167e+01,2.833265191751591772e+01,8.641367703036053172e+01
-5.523424187488856063e+01,2.831448834289928485e+01,8.641928771662932718e+01
-5.523927994315570089e+01,2.829814789386151119e+01,8.642442028282846422e+01
-5.524211831674389828e+01,2.828393175339926557e+01,8.642895018798476769e+01
-5.524338123386370825e+01,2.827224573951713182e+01,8.643271857620482024e+01
-5.524369717600023932e+01,2.826278990563893956e+01,8.643579726218480630e+01
-5.524338123386370825e+01,2.825334186079701126e+01,8.643889976929368402e+01
-5.524211831674389828e+01,2.824168698555311252e+01,8.644276338848810326e+01
-5.523927994315570089e+01,2.822754084871494484e+01,8.644750738500192710e+01
-5.523424187488857484e+01,2.821132472434425864e+01,8.645302017204107869e+01
-5.522638579633238010e+01,2.819335519161803205e+01,8.645922429461093373e+01
-5.521510097672652506e+01,2.817389894919091020e+01,8.646605852759536504e+01
-5.519978591089795827e+01,2.815320174549448495e+01,8.647346845855238939e+01
-5.517984993411963757e+01,2.813150486233159597e+01,8.648140116011543910e+01
-5.515471480677288696e+01,2.810905570729961767e+01,8.648980180620252156e+01
-5.512381626461535689e+01,2.808611549610487401e+01,8.649861125555973729e+01
-5.508660553057882936e+01,2.806296555591108799e+01,8.650776410057194710e+01
-5.504255078408228741e+01,2.803991317384906523e+01,8.651718687612003578e+01
-5.499113858401236854e+01,2.801729767735922394e+01,8.652679620163213770e+01
-5.493187524166874880e+01,2.799548926295227957e+01,8.653649927244030948e+01
-5.486428814023960143e+01,2.797272292395285831e+01,8.654689408040560750e+01
-5.478792699756928641e+01,2.794741858894891351e+01,8.655851705617673986e+01
-5.470236506914100971e+01,2.791958741069927541e+01,8.657138954857981616e+01
-5.460720028885126709e+01,2.788927503744837821e+01,8.658552201268052784e+01
-5.450205634536801114e+01,2.785656285870938120e+01,8.660091375910822364e+01
-5.438658369249800728e+01,2.782156878185460513e+01,8.661755286893841799e+01
-5.426046049261764637e+01,2.778444748385276597e+01,8.663541628810472162e+01
-5.412339349049700843e+01,2.774539007230769627e+01,8.665447006092337290e+01
-5.397511881516578569e+01,2.770462309407926327e+01,8.667466964759812242e+01
-5.381540272703725947e+01,2.766240696156890877e+01,8.669596065185477585e+01
-5.364404230029721532e+01,2.761903368884355459e+01,8.671827969671838332e+01
-5.346086604536613152e+01,2.757482393121060937e+01,8.674155546529431149e+01
-5.326573447759241731e+01,2.753012333373280995e+01,8.676570992274032790e+01
-5.305854063380203200e+01,2.748529817011023368e+01,8.679065962101492460e+01
-5.283921055064087113e+01,2.744073032741109586e+01,8.681631718258353203e+01
-5.260770372088999380e+01,2.739681170379545350e+01,8.684259306167881221e+01
-5.236401352880311322e+01,2.735393799174758911e+01,8.686939735056463974e+01
-5.210816767210477707e+01,2.731250184395088709e+01,8.689664144704481430e+01
-5.184022860238886210e+01,2.727288552220961648e+01,8.692423970932405553e+01
-5.156029405862427950e+01,2.723545330815966992e+01,8.695211179292125792e+01
-5.126849769455429850e+01,2.720054342218393728e+01,8.698018468923061164e+01
-5.096500978116537084e+01,2.716845943031649213e+01,8.700839425651484760e+01
-5.065003630205239915e+01,2.713946178646203222e+01,8.703668761445027258e+01
-5.032381536005549805e+01,2.711375999220390298e+01,8.706502541290969077e+01
-4.998661343792868195e+01,2.709150548568635486e+01,8.709338288731996158e+01
-4.963872149082440188e+01,2.707278604374995723e+01,8.712175165640240948e+01
-4.928045141083210723e+01,2.705762143788937024e+01,8.715014087896705064e+01
-4.891213358525403976e+01,2.704596012431054675e+01,8.717857712813588478e+01
-4.853411598534054860e+01,2.703767752927086931e+01,8.720710534411288961e+01
-4.814676437660654074e+01,2.703257488982479728e+01,8.723578816668198499e+01
-4.775046327572374594e+01,2.703037912082662331e+01,8.726470559337818145e+01
-4.734561717024737248e+01,2.703074358943215927e+01,8.729395471133604190e+01
-4.693265211582312446e+01,2.703324938316701065e+01,8.732364819167656833e+01
-4.651201914238947666e+01,2.703740828546612462e+01,8.735391374192552405e+01
-4.608419287490972494e+01,2.704283626809947805e+01,8.738483948461185946e+01
-4.564966592051076333e+01,2.704949070111517884e+01,8.741640162859685859e+01
-4.520894971665261863e+01,2.705737197963678042e+01,8.744855614008530154e+01
-4.476257367023765710e+01,2.706647499139202750e+01,8.748125424324412336e+01
-4.431108383457262079e+01,2.707678879997636656e+01,8.751444240844882927e+01
-4.385504157891351440e+01,2.708829653046330321e+01,8.754806283064434069e+01
-4.339502225761945198e+01,2.710097522441705564e+01,8.758205367381462736e+01
-4.293161381602261883e+01,2.711479581305632180e+01,8.761634957801263113e+01
-4.246541538894004475e+01,2.712972311648397294e+01,8.765088213858504673e+01
-4.199703580278739423e+01,2.714571590795870293e+01,8.768558048523712500e+01
-4.152709207549180803e+01,2.716272702070674683e+01,8.772037188618317316e+01
-4.105620779838516654e+01,2.718070350294024706e+01,8.775518239128878406e+01
-4.058501149580345668e+01,2.719958682779867587e+01,8.778993752360770486e+01
-4.011413442732951040e+01,2.721931321046362484e+01,8.782456295459699902e+01
-3.964420849490452525e+01,2.723981419160710615e+01,8.785898521105232817e+01
-3.917586444374784804e+01,2.726101729011355346e+01,8.789313216646135629e+01
-3.870973023581281325e+01,2.728284674648112329e+01,8.792693370729327285e+01
-3.824642924277737421e+01,2.730522419709806314e+01,8.796032209954655912e+01
-3.778657861633893589e+01,2.732806945809235444e+01,8.799323265838395969e+01
-3.733078745409409294e+01,2.735130117289209295e+01,8.802560395501605228e+01
-3.687965518246291197e+01,2.737483759357345292e+01,8.805737845689189669e+01
-3.643376972868342278e+01,2.739859716644763310e+01,8.808850256485939667e+01
-3.599370592903424182e+01,2.742249926618000089e+01,8.811892717892831683e+01
-3.556002375018567818e+01,2.744646470004723682e+01,8.814860759669095103e+01
-3.513326672796942773e+01,2.747041634474570770e+01,8.817750392918682678e+01
-3.471396029369242342e+01,2.749427957471761985e+01,8.820558095465548831e+01
-3.430261023863313596e+01,2.751798274456616866e+01,8.823280826794972143e+01
-3.389970121014155779e+01,2.754145757445825993e+01,8.825916025112444174e+01
-3.350569521722094635e+01,2.756463940459516238e+01,8.828461577475623301e+01
-3.312103039160353291e+01,2.758746754944191082e+01,8.830915843054680181e+01
-3.274611951568041235e+01,2.760988531368311527e+01,8.833277587161192912e+01
-3.238134889496560476e+01,2.763184031166084154e+01,8.835546023938192661e+01
-3.202707705304604247e+01,2.765328439031231156e+01,8.837720742330425594e+01
-3.168363366744537757e+01,2.767417372572485945e+01,8.839801697626636212e+01
-3.135131860507488000e+01,2.769446888872648671e+01,8.841789202661256297e+01
-3.103040091550500890e+01,2.771413468211318332e+01,8.843683855243413916e+01
-3.072111810973461488e+01,2.773314023002502182e+01,8.845486554768058340e+01
-3.042367542421323279e+01,2.775145885435240345e+01,8.847198458834991186e+01
-3.013824516879851245e+01,2.776906790105462619e+01,8.848820931342569907e+01
-2.986496628889664251e+01,2.778594873792175690e+01,8.850355551962628908e+01
-2.960394395096112419e+01,2.780208659050923714e+01,8.851804080000751185e+01
-2.935524921425585987e+01,2.781747033477041242e+01,8.853168409795588900e+01
-2.911891886501424409e+01,2.783209239351503328e+01,8.854450563778232208e+01
-2.889495535370529922e+01,2.784594862840976504e+01,8.855652687963269898e+01
-2.868332677716929169e+01,2.785903811017852760e+01,8.856777011905504082e+01
-2.848396698727576748e+01,2.787136295779825446e+01,8.857825832919623110e+01
-2.829677580262150016e+01,2.788292820225076696e+01,8.858801508582479300e+01
-2.812161933414609649e+01,2.789374166850251413e+01,8.859706455790517055e+01
-2.795833037975696911e+01,2.790381379136044870e+01,8.860543130428668235e+01
-2.780670892174247300e+01,2.791315746045615143e+01,8.861314017527000431e+01
-2.766652271931039309e+01,2.792178788172491721e+01,8.862021627382594602e+01
-2.753750798808375677e+01,2.792972244152271699e+01,8.862668492805407539e+01
-2.741937016557389484e+01,2.793698057788592592e+01,8.863257168536776476e+01
-2.731178475914859050e+01,2.794358365635119412e+01,8.863790231688020071e+01
-2.721439826843264953e+01,2.794955483467612112e+01,8.864270277939604625e+01
-2.712682918869620607e+01,2.795491894446041314e+01,8.864699922120925635e+01
-2.704866908897973943e+01,2.795970238058124480e+01,8.865081800044883664e+01
-2.697948376081932054e+01,2.796393299612018879e+01,8.865418570649814001e+01
-2.691881386371030871e+01,2.796765249411086884e+01,8.865712528121152047e+01
-2.686593205900987158e+01,2.797626239644831614e+01,8.865798574978416013e+01
-2.682022734488273485e+01,2.799213677591110994e+01,8.865606064829960076e+01
-2.678128233465227837e+01,2.801296105064898967e+01,8.865210800070228458e+01
-2.674863323863529274e+01,2.803701983160869560e+01,8.864669988154986413e+01
-2.672178136184338371e+01,2.806297796692514979e+01,8.864029124056958153e+01
-2.670020014159417343e+01,2.808976015528402215e+01,8.863325757575769615e+01
-2.668334009770565274e+01,2.811647712553273948e+01,8.862591789435754208e+01
-2.667063277164108470e+01,2.814237473907753184e+01,8.861855043885105943e+01
-2.666149424658390288e+01,2.816679296640455021e+01,8.861140530620336619e+01
-2.665532870092330953e+01,2.818912473872810054e+01,8.860471712362934227e+01
-2.665153256520633462e+01,2.820876210207943657e+01,8.859872175524697013e+01
-2.664950023792814804e+01,2.822500867094289134e+01,8.859368367427036617e+01
-2.664857453848999924e+01,2.823820130105735871e+01,8.858954162903270912e+01
