1.348089092023658111e+02,-1.269469760086851018e+01,-5.940782452057830199e+01
1.348128914280925130e+02,-1.268056312409168029e+01,-5.939015319670266990e+01
1.348259475753402796e+02,-1.263820341358885813e+01,-5.933713259579619148e+01
1.348468545614423419e+02,-1.256773933358599393e+01,-5.924875000391778457e+01
1.348765356748458544e+02,-1.246937180546789570e+01,-5.912498524583606496e+01
1.349144322798788096e+02,-1.234338178989559687e+01,-5.896580986855078521e+01
1.349608876785315204e+02,-1.219012923114972402e+01,-5.877118840305160319e+01
1.350154750836397852e+02,-1.201005188402142032e+01,-5.854107884991325506e+01
1.350789251601894421e+02,-1.180373586624819637e+01,-5.827537695929132155e+01
1.351476356675559032e+02,-1.157199054560963347e+01,-5.797385576514430738e+01
1.352268622361216330e+02,-1.131544889860416525e+01,-5.763648457569343719e+01
1.353085025892373778e+02,-1.103477577401875642e+01,-5.726325984512185130e+01
1.354041687810507710e+02,-1.073080609707241351e+01,-5.685410036689401636e+01
1.355028071415820818e+02,-1.040438709919612137e+01,-5.640896584128354618e+01
1.356090579312069906e+02,-1.005670046170883225e+01,-5.592760662088318213e+01
1.357203944781751659e+02,-9.688830901083115066e+00,-5.540990206880219660e+01
1.358384000645334027e+02,-9.301689904960552369e+00,-5.485592164352300415e+01
1.359618819687040912e+02,-8.896478293054688180e+00,-5.426555711919690594e+01
1.360938808513130880e+02,-8.474257943150883321e+00,-5.363886169238073620e+01
1.362217486635915691e+02,-8.035848568415643101e+00,-5.297612947589417587e+01
1.363671256598715900e+02,-7.582674297003386243e+00,-5.227722749941034408e+01
1.365156791593126684e+02,-7.118140680582695445e+00,-5.154050172402565977e+01
1.366628880836909730e+02,-6.641329692243879812e+00,-5.076776753757798133e+01
1.368160559517685897e+02,-6.152622268869155420e+00,-4.995985850872120437e+01
1.369814339416093674e+02,-5.654939768436404002e+00,-4.911564390976499794e+01
1.371458204803769263e+02,-5.151575060509963500e+00,-4.823374368135812773e+01
1.373130702397477876e+02,-4.638988693037143562e+00,-4.731822280008749715e+01
1.374909812258273121e+02,-4.123147592830632036e+00,-4.636567134313785488e+01
1.376630608295737090e+02,-3.603581461780176021e+00,-4.537780846460879047e+01
1.378521278911400998e+02,-3.078435202751888422e+00,-4.435748570054233397e+01
1.380360412845272435e+02,-2.557727692139029063e+00,-4.329820749168462868e+01
1.382216054579351976e+02,-2.030105057944646685e+00,-4.221040367020705730e+01
1.384124942920312265e+02,-1.512430494058897734e+00,-4.108224043302857353e+01
1.386105801117309397e+02,-9.914395535119181480e-01,-3.992572204938508662e+01
1.388080380593630139e+02,-4.810975730393485250e-01,-3.873136800039339533e+01
1.390126527903090050e+02,3.384120600027554909e-02,-3.751280625717891581e+01
1.392180459068670757e+02,5.317550641559629643e-01,-3.625456346909678018e+01
1.394282592339939413e+02,1.033646579297549772e+00,-3.497486845264221245e+01
1.396420188397816275e+02,1.513250556747866460e+00,-3.365462791846591273e+01
1.398577370934582689e+02,1.998157108647815816e+00,-3.231732201904266333e+01
1.400797843468439225e+02,2.453594563150491847e+00,-3.093717701550902532e+01
1.403019318163971150e+02,2.914620816422830440e+00,-2.954361454789672692e+01
1.405315765251139908e+02,3.344149659264612051e+00,-2.810906455978949481e+01
1.407607084973279541e+02,3.774487175095625258e+00,-2.666080914929970902e+01
1.409970786643860379e+02,4.177611284789185753e+00,-2.517846682599777353e+01
1.412330333455204538e+02,4.573450912143315783e+00,-2.367956582112642394e+01
1.414759127409770372e+02,4.948472434149435273e+00,-2.215519561996201503e+01
1.417189623732780319e+02,5.307941718387850116e+00,-2.061131408261983111e+01
1.419665910647858027e+02,5.655126817291790786e+00,-1.905230754996730980e+01
1.422152943052842886e+02,5.982180239110031827e+00,-1.747377859522951837e+01
1.424662220471176965e+02,6.302952540925932823e+00,-1.588849068250425844e+01
1.427335625036645581e+02,6.616927366236214247e+00,-1.419858737702645612e+01
1.429710624770224285e+02,6.893957990428408955e+00,-1.269491026687432011e+01
1.432091292729200518e+02,7.143747078068249934e+00,-1.119652623382777179e+01
1.434461346513486717e+02,7.391939124704946629e+00,-9.702658597190431777e+00
1.436819114423700796e+02,7.619246364154368401e+00,-8.216440993021294048e+00
1.439177184809994969e+02,7.838512400558301785e+00,-6.738201725331421699e+00
1.441501970097268952e+02,8.044756214346930889e+00,-5.269815003488176330e+00
1.443837747843170973e+02,8.236793680465964940e+00,-3.812815663615799266e+00
1.446122814375461587e+02,8.421642460486896908e+00,-2.368013590220345854e+00
1.448428999458823512e+02,8.588018546533676911e+00,-9.378025025286675920e-01
1.450687950933781281e+02,8.751295696065254148e+00,4.777604191232949216e-01
1.452940910018005525e+02,8.893043529703097860e+00,1.875685411459046659e+00
1.455178667815126516e+02,9.031781723367986459e+00,3.256219411577944811e+00
1.457360115788658845e+02,9.152221757004078029e+00,4.616678949967990775e+00
1.459545267703571767e+02,9.267197596003985183e+00,5.956850537305072635e+00
1.461671197803962059e+02,9.366517113821949181e+00,7.274532761619534327e+00
1.463794017255090694e+02,9.458981866702258046e+00,8.569201060299395323e+00
1.465857931037029687e+02,9.537266653330242150e+00,9.838946929406652941e+00
1.467911243167437476e+02,9.608720788517580047e+00,1.108316475588939376e+01
1.469904988460788218e+02,9.666350949467645393e+00,1.230002294037355881e+01
1.471879062054644578e+02,9.718376795512561728e+00,1.348904224802840979e+01
1.473792512347648938e+02,9.756010657115199436e+00,1.464828739907254196e+01
1.475662276808450883e+02,9.789258857661794266e+00,1.577749016719621800e+01
1.477500019067253163e+02,9.809124315404170957e+00,1.687475438676762352e+01
1.479279285865129623e+02,9.823488561269163810e+00,1.793968624112590859e+01
1.481014374491918772e+02,9.829796363213796795e+00,1.897101315578249014e+01
1.482693809860341787e+02,9.827951424694248317e+00,1.996770949358006320e+01
1.484321596629330884e+02,9.821559622116122767e+00,2.092910594009043734e+01
1.485895852941030455e+02,9.807725472759132757e+00,2.185400066850970191e+01
1.487411354055276718e+02,9.788633717978006743e+00,2.274167027102694760e+01
1.488865729471620227e+02,9.765818811383114806e+00,2.359137090819386628e+01
1.490261761168272301e+02,9.739292132601502061e+00,2.440226306557473990e+01
1.491596799481735900e+02,9.708151307372677508e+00,2.517346553429475620e+01
1.492861822413166806e+02,9.674615765782464294e+00,2.590440810739807276e+01
1.494058695332542470e+02,9.639206751158262421e+00,2.659441200419664497e+01
1.495185064725598636e+02,9.602359187500297821e+00,2.724283115791892840e+01
1.496239741098943909e+02,9.564652082200128191e+00,2.784907297674280358e+01
1.497220559478162443e+02,9.526721903788345713e+00,2.841259142602486776e+01
1.498125924235594653e+02,9.489205771853148619e+00,2.893288266701435063e+01
1.498952041122946639e+02,9.452570123451534911e+00,2.940947067265749837e+01
1.499704591982214197e+02,9.417418610223371900e+00,2.984193457554307471e+01
1.500377870854551645e+02,9.384439319447286820e+00,3.022990454810142680e+01
1.500972056510089203e+02,9.353987968685089527e+00,3.057302587490996615e+01
1.501487832954726684e+02,9.326556704243662566e+00,3.087100021173495890e+01
1.501925336078791418e+02,9.302586259624845866e+00,3.112356954613049353e+01
1.502281418912097593e+02,9.282453573151158821e+00,3.133051541314408794e+01
1.502560730261677406e+02,9.266469590037726078e+00,3.149165894498082352e+01
1.502760280300708473e+02,9.254877581608189629e+00,3.160686093901622584e+01
1.502879772931825073e+02,9.247851696857845027e+00,3.167602188334591773e+01
1.502918216908742579e+02,9.245494060295300187e+00,3.169908181971524286e+01
