-2.664857453848999924e+01,5.515562611512343238e+01,-7.485559302156299566e+01
-2.664817352578646137e+01,5.514448701895936011e+01,-7.486383114751411938e+01
-2.664856992551543868e+01,5.513068018191532360e+01,-7.487396781419866443e+01
-2.665038555239272355e+01,5.511385786612418514e+01,-7.488620737260400517e+01
-2.665429449726119771e+01,5.509454266768346997e+01,-7.490010886152531100e+01
-2.666095993897279826e+01,5.507318338911298383e+01,-7.491528681360850328e+01
-2.667103722762791307e+01,5.505022896505267482e+01,-7.493135671846049206e+01
-2.668517513855559287e+01,5.502617402836077787e+01,-7.494790157058649527e+01
-2.670401645267450164e+01,5.500159379870594734e+01,-7.496444638042744657e+01
-2.672819855692864266e+01,5.497717887874648568e+01,-7.498043279295903574e+01
-2.675835461744580712e+01,5.495377837696613454e+01,-7.499518756636632588e+01
-2.679511604513793799e+01,5.493246234536274386e+01,-7.500787675923581332e+01
-2.683911755391099518e+01,5.491462344350081537e+01,-7.501743085886512574e+01
-2.689100766530312114e+01,5.490216162462788674e+01,-7.502240837425468101e+01
-2.695115782772200319e+01,5.489302550513104251e+01,-7.502428031019412913e+01
-2.701975200111566977e+01,5.488261214257560994e+01,-7.502639604392111039e+01
-2.709724444277300748e+01,5.487083934197158896e+01,-7.502877317496032106e+01
-2.718406579668976164e+01,5.485763870079409088e+01,-7.503141987072334018e+01
-2.728062122738440110e+01,5.484294527139248743e+01,-7.503434248778998494e+01
-2.738728930966334474e+01,5.482669776414322627e+01,-7.503754542876886546e+01
-2.750442099394494022e+01,5.480883876223884954e+01,-7.504103099648044406e+01
-2.763233865059146410e+01,5.478931495219582359e+01,-7.504479924788127221e+01
-2.777133519999042477e+01,5.476807739386891427e+01,-7.504884787799839785e+01
-2.792167332414025083e+01,5.474508179073094283e+01,-7.505317207892439058e+01
-2.808358476263978787e+01,5.472028876314248436e+01,-7.505776437751798369e+01
-2.825726970005598915e+01,5.469366415179618457e+01,-7.506261449032599842e+01
-2.844289624457860199e+01,5.466517933893388204e+01,-7.506770918141123161e+01
-2.864060000254137606e+01,5.463481160043713913e+01,-7.507303214516502976e+01
-2.885048376282944105e+01,5.460254454862767659e+01,-7.507856400199986524e+01
-2.907261724898955180e+01,5.456836847157053683e+01,-7.508428214759916841e+01
-2.930703695091623473e+01,5.453228067599889783e+01,-7.509016061790340757e+01
-2.955374606338801158e+01,5.449428586539006858e+01,-7.509617003190339801e+01
-2.981271455947765148e+01,5.445439665245865513e+01,-7.510227775411853202e+01
-3.008387931746548460e+01,5.441263390191327431e+01,-7.510844786775415116e+01
-3.036714431801751601e+01,5.436902697292010345e+01,-7.511464106685656361e+01
-3.066238098199226059e+01,5.432361413363211966e+01,-7.512081485757923360e+01
-3.096942861566779115e+01,5.427644301710866159e+01,-7.512692390397366182e+01
-3.128809483511595246e+01,5.422757065810353083e+01,-7.513291989566081952e+01
-3.161815615863305595e+01,5.417706377137587737e+01,-7.513875186442680842e+01
-3.195935871983924415e+01,5.412499910756572064e+01,-7.514436673857197491e+01
-3.231141889913725862e+01,5.407146324356384781e+01,-7.514970925546826663e+01
-3.267402419012039161e+01,5.401655277594598203e+01,-7.515472258623387347e+01
-3.304683408286598478e+01,5.396037428982148754e+01,-7.515934881298898063e+01
-3.342948091174532266e+01,5.390304394767332496e+01,-7.516352904829383874e+01
-3.382157099262290956e+01,5.384468759464243703e+01,-7.516720445049033117e+01
-3.422268554584122313e+01,5.378544004092940867e+01,-7.517031627275561334e+01
-3.463238192022011219e+01,5.372544475481375059e+01,-7.517280666048108628e+01
-3.505019482681177578e+01,5.366485321560414690e+01,-7.517461910862158447e+01
-3.547563760397350308e+01,5.360382418819430939e+01,-7.517569890766004903e+01
-3.590820360184398652e+01,5.354252313210884040e+01,-7.517599390398244452e+01
-3.634736742150019495e+01,5.348112109528686631e+01,-7.517545466373968566e+01
-3.679258644206704076e+01,5.341979401543839856e+01,-7.517403532167220703e+01
-3.724330209850491258e+01,5.335872138849865109e+01,-7.517169364000126563e+01
-3.769894149479826240e+01,5.329808539057247430e+01,-7.516839178701205526e+01
-3.815891873684384450e+01,5.323806941335886478e+01,-7.516409635449925020e+01
-3.862263659537607907e+01,5.317885700069626864e+01,-7.515877898464951556e+01
-3.908948789512842836e+01,5.312063031838970062e+01,-7.515241636234115674e+01
-3.955885720627347268e+01,5.306356894326172835e+01,-7.514499065956275103e+01
-4.003012228471012435e+01,5.300784832898734322e+01,-7.513648950204527921e+01
-4.050265577717003396e+01,5.295363850515428794e+01,-7.512690622150266506e+01
-4.097582670755556933e+01,5.290110260637948869e+01,-7.511623979991421152e+01
-4.144900213119908727e+01,5.285039555192359018e+01,-7.510449494024517492e+01
-4.192154807328513044e+01,5.280166266478188675e+01,-7.509168208043533355e+01
-4.239283059806903253e+01,5.275503816393599976e+01,-7.507781752293662691e+01
-4.286221726253216247e+01,5.271064367056901290e+01,-7.506292360932368979e+01
-4.332907877098354987e+01,5.266858673851434958e+01,-7.504702872582880957e+01
-4.379279055612058613e+01,5.262895964366256152e+01,-7.503016743093131424e+01
-4.425273446212437278e+01,5.259183817466037425e+01,-7.501238030892929487e+01
-4.470830037399765899e+01,5.255728079516924822e+01,-7.499371405316952632e+01
-4.515888789521077484e+01,5.252532775821522648e+01,-7.497422116374015388e+01
-4.560390797459388068e+01,5.249600073815991408e+01,-7.495396005710318832e+01
-4.604278450810536327e+01,5.246930229315037764e+01,-7.493299460846341731e+01
-4.647495585776105287e+01,5.244521597679841562e+01,-7.491139430999113813e+01
-4.689987682128843716e+01,5.242374749702281633e+01,-7.488920457228881844e+01
-4.731702262763987221e+01,5.240518058943264634e+01,-7.486626817511971410e+01
-4.772588497018487885e+01,5.238987343571035638e+01,-7.484236734163265226e+01
-4.812597317482281056e+01,5.237811011040475506e+01,-7.481732871638216409e+01
-4.851682085785411402e+01,5.237009905124551778e+01,-7.479102312202132907e+01
-4.889799051996973134e+01,5.236597497177995564e+01,-7.476336493127033123e+01
-4.926907745129742722e+01,5.236580166908655087e+01,-7.473430995088237694e+01
-4.962971323195922935e+01,5.236957613406902823e+01,-7.470385269526336458e+01
-4.997956829005553203e+01,5.237723416102600282e+01,-7.467202373382041003e+01
-5.031835277292659470e+01,5.238865589053713734e+01,-7.463888552418586642e+01
-5.064581560860295184e+01,5.240367260508272551e+01,-7.460452943316749952e+01
-5.096174193436249311e+01,5.242207300409633319e+01,-7.456907219518870988e+01
-5.126594982234158948e+01,5.244360899375133300e+01,-7.453265234720430499e+01
-5.155828713497902527e+01,5.246800174952303308e+01,-7.449542782501472971e+01
-5.183862820913807212e+01,5.249494678667859660e+01,-7.445757303793165249e+01
-5.210687354628065293e+01,5.252411863160539696e+01,-7.441927585420167190e+01
-5.236295136371285963e+01,5.255517618589173168e+01,-7.438073494402951269e+01
-5.260681881710512897e+01,5.258776802306523024e+01,-7.434215643873820056e+01
-5.283846289396943519e+01,5.262153755980577330e+01,-7.430375019129560599e+01
-5.305790109319514869e+01,5.265612853574595675e+01,-7.426572656031532915e+01
-5.326518188980833912e+01,5.269119024971091392e+01,-7.422829319308790730e+01
-5.346038500250781311e+01,5.272638235590240896e+01,-7.419165174803451634e+01
-5.364362149222895937e+01,5.276137923554566100e+01,-7.415599475964378939e+01
-5.381503371807228575e+01,5.279587400627179505e+01,-7.412150287937656401e+01
-5.397479515661780880e+01,5.282958204924887013e+01,-7.408834243668617603e+01
-5.412311008908773147e+01,5.286224395003003451e+01,-7.405666325695830210e+01
-5.426021317045245951e+01,5.289362788463903797e+01,-7.402659683450944783e+01
-5.438636888772209943e+01,5.292353142812462607e+01,-7.399825485461779806e+01
-5.450187091392260186e+01,5.295178277643661602e+01,-7.397172805189913447e+01
-5.460704137722138540e+01,5.297824155714208416e+01,-7.394708562640218474e+01
-5.470223003571845766e+01,5.300279905738150887e+01,-7.392437493170001517e+01
-5.478781336637644017e+01,5.302537794019555406e+01,-7.390362147043320817e+01
-5.486419357555260490e+01,5.304593152153281466e+01,-7.388482921764997968e+01
-5.493179753568389145e+01,5.306444265464871535e+01,-7.386798124284229061e+01
-5.499107565236632666e+01,5.308225254982121299e+01,-7.385208445956372714e+01
-5.504250066573104760e+01,5.310085977171879534e+01,-7.383603071328300871e+01
-5.508656639015707412e+01,5.311994004983137074e+01,-7.382002135900992812e+01
-5.512378639594829366e+01,5.313919563911091615e+01,-7.380423935606880548e+01
-5.515469263675650780e+01,5.315835628530348345e+01,-7.378884844278947241e+01
-5.517983402662103032e+01,5.317717400066901234e+01,-7.377399676155590669e+01
-5.519977497047320014e+01,5.319541804018071929e+01,-7.375982034945165822e+01
-5.521509385204446829e+01,5.321286949338894345e+01,-7.374644692012449809e+01
-5.522638148324648455e+01,5.322931470490511430e+01,-7.373400050958650809e+01
-5.523423951912730701e+01,5.324453621839973039e+01,-7.372260793137846235e+01
-5.523927884261559029e+01,5.325829870282772305e+01,-7.371240888081864284e+01
-5.524211792337608529e+01,5.327032427198223985e+01,-7.370357373253445132e+01
-5.524338115514772340e+01,5.328024574039875461e+01,-7.369633731783602570e+01
-5.524369717600023932e+01,5.328829761314990066e+01,-7.369049924577906552e+01
-5.524338115514772340e+01,5.329636417545917482e+01,-7.368468148739181345e+01
-5.524211792337608529e+01,5.330634436909290486e+01,-7.367752628171606943e+01
-5.523927884261559029e+01,5.331850196002032050e+01,-7.366887370166536186e+01
-5.523423951912730701e+01,5.333249891180232538e+01,-7.365899888770434245e+01
-5.522638148324652008e+01,5.334808637436142931e+01,-7.364811236749524426e+01
-5.521509385204479514e+01,5.336505796362117593e+01,-7.363639386609402493e+01
-5.519977497047544546e+01,5.338322512835613054e+01,-7.362401016888577487e+01
-5.517983402663305270e+01,5.340240314575511604e+01,-7.361112532171777900e+01
-5.515469263680967771e+01,5.342240215427322880e+01,-7.359790720893438731e+01
-5.512378639614986753e+01,5.344302068056730803e+01,-7.358453234637372020e+01
-5.508656639083024231e+01,5.346404035383808662e+01,-7.357118983257232969e+01
-5.504250066775238537e+01,5.348522101715415999e+01,-7.355808502618383216e+01
-5.499107565790945529e+01,5.350629564838797592e+01,-7.354544337163341083e+01
-5.493179754973566276e+01,5.352697144658846895e+01,-7.353350974072084512e+01
-5.486419360904353226e+01,5.354877023279695436e+01,-7.352120813617413830e+01
-5.478781344236025319e+01,5.357305526032548926e+01,-7.350757594713412857e+01
-5.470223020063700403e+01,5.359983724235805624e+01,-7.349263475511540378e+01
-5.460704172105673848e+01,5.362909779211108940e+01,-7.347642763763460039e+01
-5.450187160489018368e+01,5.366078848780273347e+01,-7.345902002814091247e+01
-5.438637023007408544e+01,5.369483034779278086e+01,-7.344050029353078912e+01
-5.426021569790284360e+01,5.373111376008914419e+01,-7.342097999229639527e+01
-5.412311471159822673e+01,5.376949887230780689e+01,-7.340059373583353874e+01
-5.397480338501848962e+01,5.380981643453684882e+01,-7.337949857086303496e+01
-5.381504799943862594e+01,5.385186931793240461e+01,-7.335787313081280558e+01
-5.364364569928286386e+01,5.389543456084528117e+01,-7.333591631395520949e+01
-5.346042513272499974e+01,5.394026596096286852e+01,-7.331384549281294483e+01
-5.326524704459097137e+01,5.398609722421540624e+01,-7.329189426775248251e+01
-5.305800482469051360e+01,5.403264560288516805e+01,-7.327030969049621945e+01
-5.283862502737517985e+01,5.407961607048530794e+01,-7.324934905855432987e+01
-5.260706788058389094e+01,5.412670607487081753e+01,-7.322927638977780873e+01
-5.236332778814116296e+01,5.417361070071179796e+01,-7.321035841615315576e+01
-5.210743383638219228e+01,5.422002809712151361e+01,-7.319285998239506341e+01
-5.183945034193484247e+01,5.426566522070285714e+01,-7.317703900449589582e+01
-5.155947752222488845e+01,5.431024429500934758e+01,-7.316314161293908569e+01
-5.126765230061218404e+01,5.435350935079659962e+01,-7.315139669179357895e+01
-5.096414922666568259e+01,5.439523270275470423e+01,-7.314200966756308731e+01
-5.064917947882635474e+01,5.443522209072289542e+01,-7.313515690605372299e+01
-5.032298665874476029e+01,5.447332730520265187e+01,-7.313098060501188513e+01
-4.998584243388452819e+01,5.450944529340310396e+01,-7.312958365376832148e+01
-4.963804197660051898e+01,5.454352486397282718e+01,-7.313102625142740010e+01
-4.927989986217555440e+01,5.457557000787807056e+01,-7.313532324922708483e+01
-4.891174729963744738e+01,5.460564147078016362e+01,-7.314244164764124889e+01
-4.853393119002866740e+01,5.463385819133151244e+01,-7.315230004564524791e+01
-4.814681455838766766e+01,5.466039708045454404e+01,-7.316476758013219239e+01
-4.775077788767228526e+01,5.468549247671281677e+01,-7.317966386193469930e+01
-4.734622077792570138e+01,5.470943516032330933e+01,-7.319675965067423817e+01
-4.693356408456644147e+01,5.473257011713376841e+01,-7.321577715490263927e+01
-4.651325422438387136e+01,5.475529416134573779e+01,-7.323639216978737920e+01
-4.608576177744928515e+01,5.477790970843605578e+01,-7.325834229509487727e+01
-4.565157501000924611e+01,5.480042682292997824e+01,-7.328157631681548878e+01
-4.521120116129966249e+01,5.482281284768351526e+01,-7.330606673598167333e+01
-4.476516568444350952e+01,5.484503348662467914e+01,-7.333177960446826660e+01
-4.431401094265724083e+01,5.486705300068953761e+01,-7.335867425109117335e+01
-4.385829490577334155e+01,5.488883467916154046e+01,-7.338670343916695060e+01
-4.339858984912630291e+01,5.491034115970064278e+01,-7.341581336766924437e+01
-4.293548098862668638e+01,5.493153489062576966e+01,-7.344594389943245005e+01
-4.246956510436349674e+01,5.495237857666808168e+01,-7.347702880042787399e+01
-4.200144906404425882e+01,5.497283566769509378e+01,-7.350899606971944422e+01
-4.153174833602685112e+01,5.499287086131430868e+01,-7.354176832385600449e+01
-4.106108537995174856e+01,5.501245060994495617e+01,-7.357526322757004777e+01
-4.059008799608006512e+01,5.503154364871898707e+01,-7.360939400166459734e+01
-4.011938703071401591e+01,5.505012144444223310e+01,-7.364407001093439931e+01
-3.964961418267349558e+01,5.506815848814878223e+01,-7.367919761171087600e+01
-3.918140019361875659e+01,5.508563235356754006e+01,-7.371468093346531703e+01
-3.871537321150826472e+01,5.510252384375110069e+01,-7.375042283448115654e+01
-3.825215697735059450e+01,5.511881694067104576e+01,-7.378632562879430168e+01
-3.779236918083432784e+01,5.513449893260666812e+01,-7.382229207361855572e+01
-3.733661961667039009e+01,5.514956025465291134e+01,-7.385822598303184350e+01
-3.688550854922858235e+01,5.516399459381275250e+01,-7.389403319411991333e+01
-3.643962487301428865e+01,5.517779863144878050e+01,-7.392962203431198986e+01
-3.599954449993181527e+01,5.519097211370156231e+01,-7.396490420396455079e+01
-3.556582856862062414e+01,5.520351753114493221e+01,-7.399979510168385843e+01
-3.513902186053586263e+01,5.521544012038830118e+01,-7.403421453841983180e+01
-3.471965111498760592e+01,5.522674755258184121e+01,-7.406808698188287110e+01
-3.430822347051533683e+01,5.523744980369890811e+01,-7.410134198824900409e+01
-3.390522495092920252e+01,5.524755896067944860e+01,-7.413391448680053486e+01
-3.351111895447976252e+01,5.525708885804602488e+01,-7.416574476714012576e+01
-3.312634501450221336e+01,5.526605510807363686e+01,-7.419677888899943241e+01
-3.275131730944042374e+01,5.527447459172779531e+01,-7.422696827421779631e+01
-3.238642351696534405e+01,5.528236565075690123e+01,-7.425627019250021021e+01
-3.203202349622613809e+01,5.528974757151978281e+01,-7.428464725684192160e+01
-3.168844820574186727e+01,5.529664047159863571e+01,-7.431206742123598019e+01
-3.135599873131202742e+01,5.530306521946506848e+01,-7.433850398608639409e+01
-3.103494526834707656e+01,5.530904295057685260e+01,-7.436393502610081896e+01
-3.072552639225678206e+01,5.531459515339566479e+01,-7.438834355095137596e+01
-3.042794832020609874e+01,5.531974340318216576e+01,-7.441171716174032724e+01
-3.014238425400115062e+01,5.532450903666541819e+01,-7.443404759919266667e+01
-2.986897394016617113e+01,5.532891322320828920e+01,-7.445533079905325735e+01
-2.960782325742628984e+01,5.533297676759723771e+01,-7.447556656309606637e+01
-2.935900388877629652e+01,5.533671985591090703e+01,-7.449475813241855349e+01
-2.912255315753544949e+01,5.534016204437728703e+01,-7.451291206927118083e+01
-2.889847396900663767e+01,5.534332227517973735e+01,-7.453003815937758247e+01
-2.868673479677985227e+01,5.534621867087954428e+01,-7.454614900265016786e+01
-2.848726979444446883e+01,5.534886848230670608e+01,-7.456125980087814753e+01
-2.829997901004658800e+01,5.535128808865530203e+01,-7.457538821571552035e+01
-2.812472871730724222e+01,5.535349304109792001e+01,-7.458855428253825437e+01
-2.796135181636674361e+01,5.535549798907266705e+01,-7.460078015702467269e+01
-2.780964833658499913e+01,5.535731667243557297e+01,-7.461208994264907801e+01
-2.766938603450915224e+01,5.535896195454817104e+01,-7.462250956775929467e+01
-2.754030107850681475e+01,5.536044586391781053e+01,-7.463206667063997202e+01
-2.742209881898823198e+01,5.536177964985295574e+01,-7.464079050177520003e+01
-2.731445464099029863e+01,5.536297384585949288e+01,-7.464871183656438802e+01
-2.721701489074185787e+01,5.536403830550757732e+01,-7.465586285254650534e+01
-2.712939788279954101e+01,5.536498226428305713e+01,-7.466227704484118988e+01
-2.705119498161780101e+01,5.536581440809484889e+01,-7.466798915528561054e+01
-2.698197175332611764e+01,5.536654294157156642e+01,-7.467303510744915229e+01
-2.692126850050027187e+01,5.536716517185823960e+01,-7.467745977406885061e+01
-2.686830889157265290e+01,5.536318077348578726e+01,-7.468466663648412407e+01
-2.682246039085059053e+01,5.535262935804183826e+01,-7.469616138523601023e+01
-2.678332661467237941e+01,5.533748539520861698e+01,-7.471051155293731938e+01
-2.675045934001805747e+01,5.531922160053680670e+01,-7.472666072098746781e+01
-2.672337199005823649e+01,5.529899303465253979e+01,-7.474379159201127720e+01
-2.670154776441244593e+01,5.527773818457874455e+01,-7.476125061033346242e+01
-2.668444525907844422e+01,5.525624082860709763e+01,-7.477850166132648724e+01
-2.667150286715340712e+01,5.523517260178421395e+01,-7.479509408899440359e+01
-2.666214267085864975e+01,5.521512725545716194e+01,-7.481063688644810838e+01
-2.665577436817676116e+01,5.519665503480042901e+01,-7.482477281740946751e+01
-2.665179991835617912e+01,5.518030776380289382e+01,-7.483714461818283326e+01
-2.664962005241580556e+01,5.516671232367351507e+01,-7.484734016264737022e+01
-2.664857453848999924e+01,5.515562611512343238e+01,-7.485559302156299566e+01
