1.305170051638391442e+02,-1.282195134009220396e+02,1.445520475553899473e+02
1.305115828066765573e+02,-1.282285313894960268e+02,1.445656379836275960e+02
1.304953060163820737e+02,-1.282554933016569976e+02,1.446064273785196406e+02
1.304683604691326195e+02,-1.283003766145423867e+02,1.446744629629801011e+02
1.304309189182710043e+02,-1.283629884281581326e+02,1.447698251723074918e+02
1.303831100389839150e+02,-1.284429362150684710e+02,1.448926252042237195e+02
1.303254243608555782e+02,-1.285400801489065827e+02,1.450430043891850573e+02
1.302581088360836929e+02,-1.286538630407637527e+02,1.452211332723438488e+02
1.301817290810198529e+02,-1.287839373338998996e+02,1.454272105344375063e+02
1.300967071009289668e+02,-1.289296249324546579e+02,1.456614758711414197e+02
1.300036090729096259e+02,-1.290906218892499169e+02,1.459240283735784089e+02
1.299030470343921593e+02,-1.292660765259441291e+02,1.462152106118514325e+02
1.297952632430696553e+02,-1.294557224251433922e+02,1.465348560046831210e+02
1.296808415269110242e+02,-1.296590310237436654e+02,1.468830623911020723e+02
1.295602505310675099e+02,-1.298752605737396664e+02,1.472599297867477048e+02
1.294341218989466427e+02,-1.301039677685475908e+02,1.476654651441316730e+02
1.293027812622974295e+02,-1.303445627669418343e+02,1.480995470658210706e+02
1.291664089877064328e+02,-1.305967063505065369e+02,1.485618231809932013e+02
1.290255384461087544e+02,-1.308597467252486410e+02,1.490522377568160266e+02
1.288823441890963295e+02,-1.311320283180883735e+02,1.495720335089196169e+02
1.287352941563162290e+02,-1.314142784161550708e+02,1.501193511857142084e+02
1.285846218242175780e+02,-1.317061337157342962e+02,1.506937377703755772e+02
1.284334417730923121e+02,-1.320051731977806639e+02,1.512971875507805066e+02
1.282796499453839942e+02,-1.323125320679280037e+02,1.519272496694457288e+02
1.281241399988299463e+02,-1.326274615422857721e+02,1.525839014785326242e+02
1.279693792217606898e+02,-1.329478470161653831e+02,1.532685580907521228e+02
1.278117206293171080e+02,-1.332761260461268193e+02,1.539772540301879928e+02
1.276579802842675377e+02,-1.336070416412238728e+02,1.547151056234652629e+02
1.275008484693131265e+02,-1.339458370004947767e+02,1.554748485241565561e+02
1.273494777921148682e+02,-1.342854403366758334e+02,1.562636230553146675e+02
1.271944955287897301e+02,-1.346324855735886672e+02,1.570723757977920343e+02
1.270474813018142299e+02,-1.349782891889620942e+02,1.579102262578437319e+02
1.268973261520396676e+02,-1.353307309547854516e+02,1.587665756599862164e+02
1.267561619334284870e+02,-1.356807917576012983e+02,1.596509430303731847e+02
1.266129811075277729e+02,-1.360362077569846804e+02,1.605528062294430356e+02
1.264766692179184560e+02,-1.363903262793980105e+02,1.614788250382160868e+02
1.263431482095766256e+02,-1.367457018501236519e+02,1.624245092995312234e+02
1.262124937676851459e+02,-1.371022073497448446e+02,1.633887900668340478e+02
1.260908052742262697e+02,-1.374552934226851448e+02,1.643758201197267397e+02
1.259670645978201975e+02,-1.378124346296269493e+02,1.653751038888456151e+02
1.258579336615340623e+02,-1.381616063255693803e+02,1.663998179276909468e+02
1.257482607916634834e+02,-1.385133069979942206e+02,1.674358480256436792e+02
1.256463804455818121e+02,-1.388614111414649699e+02,1.684892026461458556e+02
1.255523279813308193e+02,-1.392057192383472284e+02,1.695587395324585316e+02
1.254578405387742066e+02,-1.395516560406887834e+02,1.706363098475909794e+02
1.253803955490277389e+02,-1.398869345396261394e+02,1.717355837880748766e+02
1.253025404808652752e+02,-1.402234383259341541e+02,1.728405393513091894e+02
1.252339126327142651e+02,-1.405542361991851976e+02,1.739582027582697776e+02
1.251737854470520546e+02,-1.408795316092558778e+02,1.750868050357757397e+02
1.251138312123300409e+02,-1.412048847334384618e+02,1.762180678252071289e+02
1.250717482067625781e+02,-1.415179078893015685e+02,1.773657996708266751e+02
1.250261208105877984e+02,-1.418577362005165980e+02,1.786141299076893745e+02
1.249962858767168115e+02,-1.421499270733531546e+02,1.797234356464447842e+02
1.249737585198748775e+02,-1.424347302624154850e+02,1.808300952141386233e+02
1.249516454483323571e+02,-1.427180414537251352e+02,1.819334414029127061e+02
1.249462251594510178e+02,-1.429852217186586927e+02,1.830313913349282302e+02
1.249411473628094598e+02,-1.432506033139131034e+02,1.841238660843966102e+02
1.249433156114009051e+02,-1.435077338933699878e+02,1.852093627145201538e+02
1.249541817777384551e+02,-1.437552255311199758e+02,1.862867256503278384e+02
1.249649518032571223e+02,-1.440006004037293792e+02,1.873554289835482507e+02
1.249896677107329594e+02,-1.442312298516855549e+02,1.884135595223694111e+02
1.250152382124966124e+02,-1.444583678095528967e+02,1.894608701785262781e+02
1.250466863620787592e+02,-1.446774316167071959e+02,1.904960217576339403e+02
1.250850851721944963e+02,-1.448872301404251459e+02,1.915179251685777047e+02
1.251237815912745219e+02,-1.450933294487441856e+02,1.925259742849626150e+02
1.251733750528002957e+02,-1.452863556868370551e+02,1.935185306790197046e+02
1.252224950044995921e+02,-1.454760022865358167e+02,1.944953035831137242e+02
1.252786587886535870e+02,-1.456554239280475258e+02,1.954548671134323286e+02
1.253369284117204643e+02,-1.458287936268963847e+02,1.963965740197741354e+02
1.253988523623623053e+02,-1.459945220544394431e+02,1.973193967404929197e+02
1.254644107759196601e+02,-1.461523794440525137e+02,1.982224211174863910e+02
1.255315924950348574e+02,-1.463039186734571331e+02,1.991048746792162376e+02
1.256026583006056256e+02,-1.464470919287383879e+02,1.999657490533742532e+02
1.256743513511475356e+02,-1.465843765883957417e+02,2.008043835276185689e+02
1.257490429128100686e+02,-1.467135546674118132e+02,2.016198034081815536e+02
1.258242097851799883e+02,-1.468367902045363849e+02,2.024113576965947630e+02
1.259008513620183436e+02,-1.469528291599119143e+02,2.031781939181433643e+02
1.259780844023395048e+02,-1.470623190197797214e+02,2.039196061792786168e+02
1.260549701851865905e+02,-1.471659379083133103e+02,2.046349162891257265e+02
1.261327952843782754e+02,-1.472622816732005901e+02,2.053233319791023632e+02
1.262092589220221868e+02,-1.473534224901255527e+02,2.059843160989911439e+02
1.262853222832895455e+02,-1.474382011141380531e+02,2.066171482265287125e+02
1.263603034369815532e+02,-1.475170947006839697e+02,2.072212417072441042e+02
1.264333287599678926e+02,-1.475906912915528153e+02,2.077960480376131898e+02
1.265043629480864809e+02,-1.476589822104699863e+02,2.083410006627224220e+02
1.265735757162161406e+02,-1.477216245356011086e+02,2.088555451602387905e+02
1.266400034423620724e+02,-1.477792791467421978e+02,2.093392264024936367e+02
1.267034177406736148e+02,-1.478321305878218084e+02,2.097915800069065710e+02
1.267635346545837791e+02,-1.478802582112404025e+02,2.102121711299334379e+02
1.268200539973921934e+02,-1.479238163638415529e+02,2.106005990946154043e+02
1.268727185122812955e+02,-1.479630103921619479e+02,2.109564950495224025e+02
1.269212760782183267e+02,-1.479979302978617284e+02,2.112795185330352865e+02
1.269654899318530994e+02,-1.480287913646634479e+02,2.115693648527348500e+02
1.270049922109505047e+02,-1.480556291511834388e+02,2.118257610345150965e+02
1.270396558847449171e+02,-1.480786980246451208e+02,2.120484656594607031e+02
1.270692966642880606e+02,-1.480980778772204758e+02,2.122372672057771865e+02
1.270937368281023936e+02,-1.481138117322589380e+02,2.123919863125719587e+02
1.271128331732996628e+02,-1.481259383481511804e+02,2.125124760120285146e+02
1.271265467628243897e+02,-1.481345734732134929e+02,2.125986219967577142e+02
1.271348093301306648e+02,-1.481397424182131886e+02,2.126503421530395315e+02
1.271375609177489423e+02,-1.481414500884557413e+02,2.126675875107742968e+02
