4.334208776345391811e+00,2.667556755248551212e+02,1.443108882222673230e+02
4.349011860448367628e+00,2.667553375573352241e+02,1.443213623469310960e+02
4.393381859454024152e+00,2.667544897194752025e+02,1.443528250343328523e+02
4.467133945739838907e+00,2.667529313175544416e+02,1.444053898117829533e+02
4.570007386445645636e+00,2.667507808485276541e+02,1.444792461704181505e+02
4.701604011823750540e+00,2.667478709491462041e+02,1.445746573454532324e+02
4.861449598390326088e+00,2.667443173682451061e+02,1.446919583816826389e+02
5.048940642574823556e+00,2.667399911081035384e+02,1.448315537259336168e+02
5.263392213708083744e+00,2.667349509428178180e+02,1.449939144344608337e+02
5.503987664920426681e+00,2.667289375466218644e+02,1.451795750794124444e+02
5.769855588264526602e+00,2.667220786772115844e+02,1.453891304467421435e+02
6.060011729160496685e+00,2.667143057557264001e+02,1.456232321249513859e+02
6.373373303928371314e+00,2.667054613431778876e+02,1.458825852202282931e+02
6.708767757172768853e+00,2.666954790069094088e+02,1.461679608096114862e+02
7.064753991474006511e+00,2.666844855149549858e+02,1.464804222387718369e+02
7.439399135102451766e+00,2.666722214433544309e+02,1.468215190693814520e+02
7.831286248946625506e+00,2.666588083758965695e+02,1.471921825519348488e+02
8.240865811594982659e+00,2.666441048285846023e+02,1.475910358541526364e+02
8.667538075983316048e+00,2.666280752977102679e+02,1.480179180900409222e+02
9.108617704450210795e+00,2.666106274670171956e+02,1.484750973566052323e+02
9.561702699945495709e+00,2.665918233168508209e+02,1.489644750535092896e+02
1.002990984999377133e+01,2.665715597704251536e+02,1.494813122341440419e+02
1.050955353511659141e+01,2.665498432416581522e+02,1.500289402388992244e+02
1.099815720148594522e+01,2.665266820367726268e+02,1.506092049518150304e+02
1.149896176602007003e+01,2.665019313942490840e+02,1.512170822860744011e+02
1.200587190618870359e+01,2.664757640288091807e+02,1.518586609400129248e+02
1.252275176343693985e+01,2.664479681209223827e+02,1.525280838305961879e+02
1.304515622751227077e+01,2.664187394611025752e+02,1.532293959190948271e+02
1.357423760153349157e+01,2.663879807877101484e+02,1.539599044344488732e+02
1.410805345922686449e+01,2.663557679665022420e+02,1.547205840346975947e+02
1.464608540745602561e+01,2.663219764526057816e+02,1.555106536246863982e+02
1.518735125023170340e+01,2.662868556519589447e+02,1.563298961193569880e+02
1.573130600166398807e+01,2.662501887342094165e+02,1.571774828717279888e+02
1.627403609422309216e+01,2.662123946867981203e+02,1.580566394901861429e+02
1.682412007502395213e+01,2.661728103602212059e+02,1.589555688058450471e+02
1.736675438505317715e+01,2.661323867108639547e+02,1.598904549341031611e+02
1.791776801300994748e+01,2.660902132721595308e+02,1.608407934962197885e+02
1.845743512327129565e+01,2.660474563373589376e+02,1.618285931319209112e+02
1.900316020330591726e+01,2.660030249179545763e+02,1.628314069040454797e+02
1.954175321651993613e+01,2.659578519202211737e+02,1.638633948699762470e+02
2.007846588320298054e+01,2.659116454872599320e+02,1.649166175510684411e+02
2.061466026491179448e+01,2.658642617446053578e+02,1.659877601993781582e+02
2.113920589324583688e+01,2.658164938092653529e+02,1.670884567460669814e+02
2.166741327213199497e+01,2.657673343109673851e+02,1.681986723443885978e+02
2.218167939671591071e+01,2.657181284276313704e+02,1.693377726055125834e+02
2.269508972024052440e+01,2.656679117223446838e+02,1.704883480596856202e+02
2.320230550758128629e+01,2.656171870569349949e+02,1.716550597498364255e+02
2.369894532300191869e+01,2.655662480167349031e+02,1.728413954873763316e+02
2.419656415130128480e+01,2.655142479045066466e+02,1.740317557918741329e+02
2.467518039275117303e+01,2.654629285319379619e+02,1.752483353546724061e+02
2.515305280711104885e+01,2.654108154213657826e+02,1.764674821101640987e+02
2.565360687663335781e+01,2.653550512855357510e+02,1.777932540270242896e+02
2.608754180366136310e+01,2.653056829589300492e+02,1.789765552958313890e+02
2.651613334642241426e+01,2.652561638429351660e+02,1.801574026103671429e+02
2.691843899610072910e+01,2.652086117153660325e+02,1.813340861301010705e+02
2.731792209010816919e+01,2.651607412686685734e+02,1.825060776188388445e+02
2.769824008881640509e+01,2.651143305650902562e+02,1.836717969361624512e+02
2.806459000069988718e+01,2.650688808062408839e+02,1.848302415046770477e+02
2.842496169576006437e+01,2.650236241947822577e+02,1.859804896349363048e+02
2.875841946475066635e+01,2.649808362529055898e+02,1.871208596309140262e+02
2.908754781189334082e+01,2.649381476397867914e+02,1.882508344248064134e+02
2.939676811757352581e+01,2.648973497994356876e+02,1.893688935064346595e+02
2.969258584394940570e+01,2.648577885375716505e+02,1.904741142441608872e+02
2.997862860253496464e+01,2.648190567469142707e+02,1.915655100759322522e+02
3.024208738448499645e+01,2.647826733962437515e+02,1.926416708983235253e+02
3.050085802315129158e+01,2.647466365994092143e+02,1.937020170508143337e+02
3.073490433299866709e+01,2.647133112938286104e+02,1.947449762331318937e+02
3.096155239585381125e+01,2.646807917037746734e+02,1.957699855573112018e+02
3.117074363330003806e+01,2.646502289310961373e+02,1.967757721052194597e+02
3.136735319763404917e+01,2.646211066175919200e+02,1.977614782311829345e+02
3.155046415466392773e+01,2.645935729248584494e+02,1.987261118418016963e+02
3.171860321048589881e+01,2.645678175971688120e+02,1.996686865589058186e+02
3.187527457364314998e+01,2.645434892322637097e+02,2.005883695886976454e+02
3.201683027457907826e+01,2.645210759514752112e+02,2.014841602865888319e+02
3.214729012035245148e+01,2.645000150410393189e+02,2.023552854563699555e+02
3.226434402519197420e+01,2.644807021670205245e+02,2.032008270756193440e+02
3.236948276668648816e+01,2.644629603856980680e+02,2.040199934153036736e+02
3.246432396780479479e+01,2.644466164135646409e+02,2.048120217851673885e+02
3.254565060878761784e+01,2.644320537265685971e+02,2.055760475014655526e+02
3.261943359792674357e+01,2.644185294084517182e+02,2.063114775666542755e+02
3.268017885291549618e+01,2.644067896256391919e+02,2.070174417975375718e+02
3.273242544058243197e+01,2.643963331662825453e+02,2.076933656865308251e+02
3.277724628998193879e+01,2.643869110145839159e+02,2.083386124240567199e+02
3.281196230880682663e+01,2.643789541462766124e+02,2.089524748646412320e+02
3.283929139412403231e+01,2.643720845038401421e+02,2.095344205431487126e+02
3.286034153063990715e+01,2.643661930150644821e+02,2.100839052753821647e+02
3.287533721041952361e+01,2.643612405672690215e+02,2.106003933509194042e+02
3.288478106743816909e+01,2.643571681172920762e+02,2.110833888236751079e+02
3.288941459721041838e+01,2.643538748509355401e+02,2.115324350431844209e+02
3.289007356220567857e+01,2.643513359045641664e+02,2.119471110022549283e+02
3.288758603122322199e+01,2.643493726557666719e+02,2.123270297304138126e+02
3.288277131546256271e+01,2.643479396271811765e+02,2.126718378777767668e+02
3.287622571249281833e+01,2.643468312990261779e+02,2.129812112673904494e+02
3.286860596272398283e+01,2.643461799970432935e+02,2.132548613011924488e+02
3.286057322632780853e+01,2.643457833129738788e+02,2.134925356467280722e+02
3.285272890229707343e+01,2.643455288674736607e+02,2.136940156457467594e+02
3.284559827637394136e+01,2.643454292373604630e+02,2.138591160200210766e+02
3.283960378169715000e+01,2.643453904945095019e+02,2.139876850044572905e+02
3.283508351838254669e+01,2.643454084091235927e+02,2.140796044528647997e+02
3.283227849617730953e+01,2.643454619371880199e+02,2.141347899223121658e+02
3.283131617058165119e+01,2.643453979525436353e+02,2.141531906485730303e+02
