2.787845380098719517e+01,-1.049989045512548529e+02,-5.613938986514897067e+01
2.788973476596481049e+01,-1.049990086709668589e+02,-5.612324901795660281e+01
2.792387731821401076e+01,-1.050003914085684897e+02,-5.607481975007270592e+01
2.798075404280910305e+01,-1.050030441488039514e+02,-5.599409374827301633e+01
2.806046099486417944e+01,-1.050079076131800520e+02,-5.588105598296693444e+01
2.816161160198671709e+01,-1.050116140074403006e+02,-5.573568584852974084e+01
2.828509512567369910e+01,-1.050180527477820931e+02,-5.555795776690273868e+01
2.842954716522791614e+01,-1.050244234439990976e+02,-5.534784191416994759e+01
2.859605307725329126e+01,-1.050357121229330204e+02,-5.510530437428919726e+01
2.878199068293872287e+01,-1.050457972312026698e+02,-5.483029534042753284e+01
2.898635145972853877e+01,-1.050541815897236830e+02,-5.452267940141125990e+01
2.921202540171736928e+01,-1.050702494483652032e+02,-5.418278205452563867e+01
2.945510771645362880e+01,-1.050847039183278895e+02,-5.381053201318599122e+01
2.971550545745776617e+01,-1.051000389896410780e+02,-5.340588946012593397e+01
2.999198091994135140e+01,-1.051156892671982490e+02,-5.296876561725070331e+01
3.028590983527161740e+01,-1.051382248189723754e+02,-5.249929257646266478e+01
3.059218625654691692e+01,-1.051558051934547677e+02,-5.199734074592715416e+01
3.091323567539622985e+01,-1.051800300240327886e+02,-5.146277029344796716e+01
3.124592041802607412e+01,-1.052056006438325113e+02,-5.089543752266158094e+01
3.158909399674050889e+01,-1.052338183699856557e+02,-5.029514545258719238e+01
3.194471140065189019e+01,-1.052749889345937504e+02,-4.966184241557184720e+01
3.230521286770811429e+01,-1.053085260757158608e+02,-4.899583131651021262e+01
3.267409230185491253e+01,-1.053464218957718543e+02,-4.829773588066419165e+01
3.305100084243063918e+01,-1.053928478563104534e+02,-4.756742725674470762e+01
3.343166274076468625e+01,-1.054479126099618611e+02,-4.680323256074880334e+01
3.381327644330920634e+01,-1.054995937895345577e+02,-4.600679428761506529e+01
3.420002441491922696e+01,-1.055592937815297319e+02,-4.517940802923679655e+01
3.458715305237516446e+01,-1.056300618715423951e+02,-4.431863206930768229e+01
3.497137113764604521e+01,-1.056973361767528417e+02,-4.342640825201434041e+01
3.536160533911202464e+01,-1.057830812874888124e+02,-4.250492020094851142e+01
3.573818492338168795e+01,-1.058635368825335377e+02,-4.154805567713118108e+01
3.611976705268958199e+01,-1.059619313539659089e+02,-4.056370092250539727e+01
3.649118407582788848e+01,-1.060593511005040170e+02,-3.954757147567715236e+01
3.685548508596794193e+01,-1.061768058633449812e+02,-3.849858519686209490e+01
3.721685047582849393e+01,-1.062880660706124871e+02,-3.742567012519430136e+01
3.756711816372193624e+01,-1.064196418360028247e+02,-3.631991445817396880e+01
3.791379745439821392e+01,-1.065485164945026355e+02,-3.519167597130618219e+01
3.824266037439906540e+01,-1.066971525736534119e+02,-3.402920397267625674e+01
3.857039193432200364e+01,-1.068450456454739452e+02,-3.284796301837629784e+01
3.887473315679795860e+01,-1.070126158216538812e+02,-3.163177185873156105e+01
3.917903106723598228e+01,-1.071800330089175617e+02,-3.040003649301687005e+01
3.945655057373969754e+01,-1.073675060021938350e+02,-2.913393310350367216e+01
3.973364878101509134e+01,-1.075551187052631121e+02,-2.785474089732440106e+01
3.998237936567206674e+01,-1.077630783307484990e+02,-2.654292581968936915e+01
4.022927714404946897e+01,-1.079715308794777968e+02,-2.521988891727632165e+01
4.044731067613090403e+01,-1.081999399454515327e+02,-2.386681609111184699e+01
4.066174004596043545e+01,-1.084296678310230675e+02,-2.250411647917805169e+01
4.084745820968905861e+01,-1.086781502223343523e+02,-2.111455638591802142e+01
4.102806701901675268e+01,-1.089292551770075761e+02,-1.971706035319673589e+01
4.118119805067154715e+01,-1.091962995586733882e+02,-1.829687624045573457e+01
4.132870330797193503e+01,-1.094673456123750128e+02,-1.687104949504575302e+01
4.145372301197093634e+01,-1.097612179323831896e+02,-1.537636414651808714e+01
4.156015177133898675e+01,-1.100270093650992607e+02,-1.404515510363101605e+01
4.164150808975180240e+01,-1.102941707464091650e+02,-1.272409927515344208e+01
4.171745097109878486e+01,-1.105658889161861680e+02,-1.140900184580953614e+01
4.177684861487404078e+01,-1.108456400826060388e+02,-1.010478526551751344e+01
4.182444861252409396e+01,-1.111204357967999670e+02,-8.810097077239294805e+00
4.186072396221234726e+01,-1.114048466035129792e+02,-7.527485496858658642e+00
4.188239245563085689e+01,-1.116825196487573919e+02,-6.257632393230775136e+00
4.189653544376560035e+01,-1.119703824216192345e+02,-5.001343867430474432e+00
4.189398313908941418e+01,-1.122490557174945707e+02,-3.760730763599442028e+00
4.188677330148538402e+01,-1.125387157934834619e+02,-2.535425633673305867e+00
4.186173470024430543e+01,-1.128165095877318862e+02,-1.328363296807065996e+00
4.183407287055680968e+01,-1.131061733936253262e+02,-1.385559982499003362e-01
4.178868877369284007e+01,-1.133814235435380482e+02,1.030850547884183399e+00
4.174182325742664545e+01,-1.136689401561564381e+02,2.180898632383472258e+00
4.167878852906966358e+01,-1.139400542931725369e+02,3.308826696439865156e+00
4.161457317281917767e+01,-1.142234392510244021e+02,4.415152111076277919e+00
4.153663875864081945e+01,-1.144887205561912253e+02,5.497949919770756644e+00
4.145716320531971633e+01,-1.147661549996755923e+02,6.556796506936608537e+00
4.136710157980397184e+01,-1.150241571445543087e+02,7.590957168642626485e+00
4.127458170982085051e+01,-1.152938612302153558e+02,8.598773771967676893e+00
4.117710389119743297e+01,-1.155492449165987949e+02,9.580957047350807443e+00
4.107180725192385751e+01,-1.158030614086857639e+02,1.053441781458444204e+01
4.096701616402940260e+01,-1.160569170160642045e+02,1.146046307134306907e+01
4.085367819845813386e+01,-1.162905683683539877e+02,1.235739391741764948e+01
4.074152603500512271e+01,-1.165325752384235329e+02,1.322440363398502505e+01
4.062780454764622817e+01,-1.167647455068139521e+02,1.406151216032075979e+01
4.050901844860843681e+01,-1.169825028080707341e+02,1.486724551821458107e+01
4.039188440285299464e+01,-1.172019752359904174e+02,1.564118881089664193e+01
4.027559872825966636e+01,-1.174146394336085422e+02,1.638310320944259857e+01
4.015812815012698422e+01,-1.176133746640292657e+02,1.709228509340027813e+01
4.004093799408677512e+01,-1.178040799742756946e+02,1.776784821895732946e+01
3.992562727350585305e+01,-1.179871633547596588e+02,1.840950621160163792e+01
3.981345962142462014e+01,-1.181631090314249093e+02,1.901690115875189591e+01
3.970440970879366915e+01,-1.183300913994242052e+02,1.958955169731658685e+01
3.959846642337996059e+01,-1.184861664838358877e+02,2.012702806202861083e+01
3.949721259612497448e+01,-1.186340540066117200e+02,2.062896034314800886e+01
3.940030276593313374e+01,-1.187705333238144902e+02,2.109501640891484797e+01
3.930978355450470474e+01,-1.189000241294645122e+02,2.152487521878819976e+01
3.922400942690128289e+01,-1.190160034952768768e+02,2.191821366946699357e+01
3.914590471334733479e+01,-1.191248217387651209e+02,2.227486157125879984e+01
3.907246985315391896e+01,-1.192160841590467726e+02,2.259454534713643170e+01
3.900904059096421150e+01,-1.193045290005454149e+02,2.287708082431559475e+01
3.895119453792539588e+01,-1.193750375886548341e+02,2.312230685706412459e+01
3.890338393033719910e+01,-1.194401684038851812e+02,2.333006757322746694e+01
3.886322076402887404e+01,-1.194915913429726118e+02,2.350023183919456926e+01
3.883139950686262409e+01,-1.195306359378046182e+02,2.363269259326403926e+01
3.880859568100749613e+01,-1.195587484318079987e+02,2.372736680925364183e+01
3.879524107358484741e+01,-1.195768132833079704e+02,2.378419435852331176e+01
3.879052554964970767e+01,-1.195820593686736828e+02,2.380314018946562271e+01
