-2.288500872200306731e+02,1.371313726680481295e+02,1.443108882222673230e+02
-2.288423929895213291e+02,1.371440235311757476e+02,1.443213623469310960e+02
-2.288194737408934145e+02,1.371820251585504877e+02,1.443528250343328523e+02
-2.287812480820977896e+02,1.372451171378957042e+02,1.444053898117829533e+02
-2.287279490009376843e+02,1.373331329164082888e+02,1.444792461704181505e+02
-2.286596306414618311e+02,1.374456439873472959e+02,1.445746573454532324e+02
-2.285766303568437650e+02,1.375822975355462177e+02,1.446919583816826389e+02
-2.284791381835655386e+02,1.377425064127212977e+02,1.448315537259336168e+02
-2.283675474868222182e+02,1.379257068385613252e+02,1.449939144344608337e+02
-2.282420420073473224e+02,1.381310619132482032e+02,1.451795750794124444e+02
-2.281031680905247754e+02,1.383578808542104923e+02,1.453891304467421435e+02
-2.279513584726089732e+02,1.386052769825478492e+02,1.456232321249513859e+02
-2.277870181992764458e+02,1.388722338605924449e+02,1.458825852202282931e+02
-2.276106760158566260e+02,1.391577028092562500e+02,1.461679608096114862e+02
-2.274231622553972159e+02,1.394604991855815115e+02,1.464804222387718369e+02
-2.272252186860230267e+02,1.397788193615679120e+02,1.468215190693814520e+02
-2.270176590719397893e+02,1.401114970238437820e+02,1.471921825519348488e+02
-2.268001356451177344e+02,1.404588515563122257e+02,1.475910358541526364e+02
-2.265729175319755768e+02,1.408203458109255450e+02,1.480179180900409222e+02
-2.263372674531210862e+02,1.411936080589231892e+02,1.484750973566052323e+02
-2.260944400836327759e+02,1.415765891000124839e+02,1.489644750535092896e+02
-2.258427877626332361e+02,1.419719366129749858e+02,1.494813122341440419e+02
-2.255841588544775504e+02,1.423764619646725862e+02,1.500289402388992244e+02
-2.253197988294797369e+02,1.427880245496878899e+02,1.506092049518150304e+02
-2.250479618620273072e+02,1.432093587036438862e+02,1.512170822860744011e+02
-2.247718451887219828e+02,1.436352720797459028e+02,1.518586609400129248e+02
-2.244893332977466116e+02,1.440690052128839227e+02,1.525280838305961879e+02
-2.242028183037863869e+02,1.445068064199136586e+02,1.532293959190948271e+02
-2.239116398242312300e+02,1.449496249937890013e+02,1.539599044344488732e+02
-2.236168347738909290e+02,1.453958166768904903e+02,1.547205840346975947e+02
-2.233185544903096797e+02,1.458448702551563656e+02,1.555106536246863982e+02
-2.230175060633604289e+02,1.462960598248774318e+02,1.563298961193569880e+02
-2.227137742053947420e+02,1.467488049992523429e+02,1.571774828717279888e+02
-2.224096785539451560e+02,1.471999260231011419e+02,1.580566394901861429e+02
-2.221003555311373816e+02,1.476565205614010665e+02,1.589555688058450471e+02
-2.217940304688657704e+02,1.481062438341728580e+02,1.598904549341031611e+02
-2.214820003856044082e+02,1.485623489144626319e+02,1.608407934962197885e+02
-2.211751382387484455e+02,1.490083358741355539e+02,1.618285931319209112e+02
-2.208637969608007836e+02,1.494587319472256866e+02,1.628314069040454797e+02
-2.205553794905915197e+02,1.499025806801031138e+02,1.638633948699762470e+02
-2.202470072124872900e+02,1.503442842675028714e+02,1.649166175510684411e+02
-2.199378744967676766e+02,1.507849503521019301e+02,1.659877601993781582e+02
-2.196342334371098843e+02,1.512153362240132992e+02,1.670884567460669814e+02
-2.193275563733034517e+02,1.516481974834460971e+02,1.681986723443885978e+02
-2.190278097660268202e+02,1.520689620699735372e+02,1.693377726055125834e+02
-2.187276156617918730e+02,1.524884801000676759e+02,1.704883480596856202e+02
-2.184300789192782872e+02,1.529023795244004873e+02,1.716550597498364255e+02
-2.181376445087102525e+02,1.533070127009854957e+02,1.728413954873763316e+02
-2.178438016763713279e+02,1.537119631915801108e+02,1.740317557918741329e+02
-2.175600496752956019e+02,1.541007973290551547e+02,1.752483353546724061e+02
-2.172759821904899127e+02,1.544885904243725463e+02,1.764674821101640987e+02
-2.169774119974798339e+02,1.548942008966315029e+02,1.777932540270242896e+02
-2.167176903089830091e+02,1.552453154037242768e+02,1.789765552958313890e+02
-2.164605097251779569e+02,1.555917270096050515e+02,1.801574026103671429e+02
-2.162181755498599500e+02,1.559163578585279311e+02,1.813340861301010705e+02
-2.159769769799256949e+02,1.562383851429720494e+02,1.825060776188388445e+02
-2.157466251322652511e+02,1.565445448395806523e+02,1.836717969361624512e+02
-2.155240895305641118e+02,1.568390882905212891e+02,1.848302415046770477e+02
-2.153047103078216082e+02,1.571285510275189381e+02,1.859804896349363048e+02
-2.151009259786854386e+02,1.573959399556157166e+02,1.871208596309140262e+02
-2.148993923817008920e+02,1.576596291587874816e+02,1.882508344248064134e+02
-2.147094502626972314e+02,1.579070228786969494e+02,1.893688935064346595e+02
-2.145272803417292948e+02,1.581434279136962289e+02,1.904741142441608872e+02
-2.143507162477931729e+02,1.583717823138712220e+02,1.915655100759322522e+02
-2.141874779508626716e+02,1.585817526365547963e+02,1.926416708983235253e+02
-2.140268838499997912e+02,1.587878361849760438e+02,1.937020170508143337e+02
-2.138810001338543998e+02,1.589738635821755395e+02,1.947449762331318937e+02
-2.137395133113194845e+02,1.591538867672996957e+02,1.957699855573112018e+02
-2.136084495550466613e+02,1.593197703068379383e+02,1.967757721052194597e+02
-2.134849241095680270e+02,1.594754780274260781e+02,1.977614782311829345e+02
-2.133695237536858826e+02,1.596202899215585091e+02,1.987261118418016963e+02
-2.132631494577129274e+02,1.597530249514238676e+02,1.996686865589058186e+02
-2.131637447940939296e+02,1.598765421495110104e+02,2.005883695886976454e+02
-2.130735564730809415e+02,1.599879263421777580e+02,2.014841602865888319e+02
-2.129900872667299723e+02,1.600903774275733724e+02,2.023552854563699555e+02
-2.129148348747897899e+02,1.601820926457671419e+02,2.032008270756193440e+02
-2.128469006707090045e+02,1.602642745761621370e+02,2.040199934153036736e+02
-2.127853257750834928e+02,1.603382374795892815e+02,2.048120217851673885e+02
-2.127320507977061936e+02,1.604013870731868678e+02,2.055760475014655526e+02
-2.126834469000784793e+02,1.604585228570900313e+02,2.063114775666542755e+02
-2.126429073224335298e+02,1.605052598996634003e+02,2.070174417975375718e+02
-2.126077284691636180e+02,1.605452785421657040e+02,2.076933656865308251e+02
-2.125771582217345212e+02,1.605793834605155439e+02,2.083386124240567199e+02
-2.125529093622334358e+02,1.606054699805825123e+02,2.089524748646412320e+02
-2.125332955347099073e+02,1.606257028415111847e+02,2.095344205431487126e+02
-2.125176682875061260e+02,1.606409870500991985e+02,2.100839052753821647e+02
-2.125058815020145175e+02,1.606514974658376218e+02,2.106003933509194042e+02
-2.124976327283695809e+02,1.606576398609370528e+02,2.110833888236751079e+02
-2.124924639111572446e+02,1.606600059822507376e+02,2.115324350431844209e+02
-2.124899356366031213e+02,1.606593071894911304e+02,2.119471110022549283e+02
-2.124894791787617692e+02,1.606561713000688769e+02,2.123270297304138126e+02
-2.124906454974826886e+02,1.606512851196153804e+02,2.126718378777767668e+02
-2.124929584586296301e+02,1.606450622970830011e+02,2.129812112673904494e+02
-2.124962042894513274e+02,1.606381377492213005e+02,2.132548613011924488e+02
-2.124998771191680191e+02,1.606309828534055839e+02,2.134925356467280722e+02
-2.125035789249163258e+02,1.606240622467693129e+02,2.136940156457467594e+02
-2.125070579556688699e+02,1.606178371285184312e+02,2.138591160200210766e+02
-2.125100216507141226e+02,1.606126263724199816e+02,2.139876850044572905e+02
-2.125122972968823660e+02,1.606087206668648264e+02,2.140796044528647997e+02
-2.125137461646485804e+02,1.606063182104090856e+02,2.141347899223121658e+02
-2.125141719151189079e+02,1.606054528196743547e+02,2.141531906485730303e+02
