-1.974365029377877931e+02,-1.650790107472936938e+02,1.439333787844236667e+02
-1.974446854909094213e+02,-1.650695903356223653e+02,1.439460009921096457e+02
-1.974690885475902462e+02,-1.650412866406451542e+02,1.439838915179389005e+02
-1.975096449402237226e+02,-1.649942355416863791e+02,1.440471196672631891e+02
-1.975661027370711622e+02,-1.649285613362251866e+02,1.441358006718107276e+02
-1.976384126817065692e+02,-1.648446568452836800e+02,1.442500946765097751e+02
-1.977261048640236254e+02,-1.647427287136909513e+02,1.443902055478324939e+02
-1.978287889237923309e+02,-1.646231584865401203e+02,1.445563791916794969e+02
-1.979461502845056771e+02,-1.644865029702696688e+02,1.447489061118615439e+02
-1.980777260949435572e+02,-1.643331416591163361e+02,1.449679772290641608e+02
-1.982230384566485100e+02,-1.641635808627524682e+02,1.452138419712829034e+02
-1.983814521137514362e+02,-1.639783957604835223e+02,1.454868431951122716e+02
-1.985524012550996815e+02,-1.637784254143074065e+02,1.457874405188080402e+02
-1.987352894871763453e+02,-1.635641972718005377e+02,1.461158281129883107e+02
-1.989294603698336914e+02,-1.633362873886037789e+02,1.464722256222939336e+02
-1.991339320721270383e+02,-1.630959019415916487e+02,1.468574677865603917e+02
-1.993478906069218795e+02,-1.628439968680180243e+02,1.472720623852746940e+02
-1.995712162267374765e+02,-1.625806391620402280e+02,1.477154141346238418e+02
-1.998036542326153153e+02,-1.623060821839362688e+02,1.481871019884200109e+02
-2.000439002343133268e+02,-1.620217485068567385e+02,1.486881328643200959e+02
-2.002899789481081996e+02,-1.617300243032762239e+02,1.492205761400899178e+02
-2.005434988319791501e+02,-1.614287152658219213e+02,1.497809969285091256e+02
-2.008032672289100731e+02,-1.611194131845598179e+02,1.503703489221159089e+02
-2.010664327726148599e+02,-1.608057133758900363e+02,1.509919870461314417e+02
-2.013356837534460340e+02,-1.604838536287526836e+02,1.516405735573708000e+02
-2.016074828629392925e+02,-1.601585655443423946e+02,1.523206323653519974e+02
-2.018833069776066509e+02,-1.598276829285560439e+02,1.530286373662441690e+02
-2.021614565814984701e+02,-1.594933357583480529e+02,1.537660492496047198e+02
-2.024415374463792148e+02,-1.591560919167094994e+02,1.545323868418050779e+02
-2.027234466487328746e+02,-1.588159225528389698e+02,1.553265225764720014e+02
-2.030058898132020317e+02,-1.584746451588841580e+02,1.561493593994867126e+02
-2.032889604568997299e+02,-1.581318148021364323e+02,1.569992845644056274e+02
-2.035721979828314261e+02,-1.577883047501930207e+02,1.578759648646860683e+02
-2.038526466494334954e+02,-1.574478283346222440e+02,1.587825756266705355e+02
-2.041363275335944536e+02,-1.571023450917235778e+02,1.597083784606545009e+02
-2.044140418523138010e+02,-1.567642556288289768e+02,1.606665460941500214e+02
-2.046960134014379094e+02,-1.564196546079604957e+02,1.616395167222971168e+02
-2.049685548054304718e+02,-1.560870060660014929e+02,1.626475015762884482e+02
-2.052439396638141886e+02,-1.557498264494209081e+02,1.636698072265409394e+02
-2.055135151056728091e+02,-1.554197579531758890e+02,1.647186421054355776e+02
-2.057804204835981920e+02,-1.550924421453035791e+02,1.657875310651404845e+02
-2.060462577587292969e+02,-1.547659390366437151e+02,1.668726691466320915e+02
-2.063036299651004128e+02,-1.544502716940841367e+02,1.679842912513701378e+02
-2.065623459585582680e+02,-1.541318800243869305e+02,1.691052073423349498e+02
-2.068113697772936632e+02,-1.538260038417055853e+02,1.702515979749984183e+02
-2.070587073593758021e+02,-1.535218456153692443e+02,1.714093449112768042e+02
-2.073019433443023161e+02,-1.532224589729239028e+02,1.725805944316215630e+02
-2.075373680860714103e+02,-1.529331860163514705e+02,1.737699377621037797e+02
-2.077728487944123401e+02,-1.526429849121134623e+02,1.749631261151182855e+02
-2.079965239453394474e+02,-1.523685338754727354e+02,1.761778498241763486e+02
-2.082186022677863093e+02,-1.520956225267458137e+02,1.773961539035204282e+02
-2.084491982291523868e+02,-1.518126667228343649e+02,1.787141583568657666e+02
-2.086461712714447003e+02,-1.515714272495827686e+02,1.798878029098749778e+02
-2.088413399544256777e+02,-1.513319853879245898e+02,1.810590494916636430e+02
-2.090207012184236817e+02,-1.511137209201374105e+02,1.822257446003876566e+02
-2.091983165905376438e+02,-1.508972580372530672e+02,1.833877604441264566e+02
-2.093670338971465412e+02,-1.506923357691977401e+02,1.845434512461451391e+02
-2.095268276872218109e+02,-1.504992669186986234e+02,1.856916762068747744e+02
-2.096848516103105453e+02,-1.503081163961761888e+02,1.868318300250678874e+02
-2.098271722468735163e+02,-1.501382201056589452e+02,1.879617905394824788e+02
-2.099671696846443467e+02,-1.499709263587680539e+02,1.890814219883127123e+02
-2.100984102841368895e+02,-1.498153245773606557e+02,1.901891578806753955e+02
-2.102215067450728441e+02,-1.496705779768537354e+02,1.912839573106223554e+02
-2.103409093171669326e+02,-1.495303684928803989e+02,1.923650743378155994e+02
-2.104478153070392636e+02,-1.494071735848154105e+02,1.934308043397462882e+02
-2.105525071689483809e+02,-1.492865352339599667e+02,1.944808521718246368e+02
-2.106463363197879346e+02,-1.491806741113075248e+02,1.955135554538470899e+02
-2.107357468827552225e+02,-1.490804484691442440e+02,1.965283735915887178e+02
-2.108177270667473522e+02,-1.489899800970846115e+02,1.975240948813894875e+02
-2.108931604635397150e+02,-1.489082844812893427e+02,1.984997973393363395e+02
-2.109632603627929086e+02,-1.488336353607979561e+02,1.994546118382685904e+02
-2.110259378622890551e+02,-1.487687703835902937e+02,2.003874548103663358e+02
-2.110842205145893047e+02,-1.487095453175922728e+02,2.012976263050688033e+02
-2.111354085381227605e+02,-1.486596657904891003e+02,2.021840377237013229e+02
-2.111823761366899248e+02,-1.486151151434713427e+02,2.030460259812569461e+02
-2.112234074565100173e+02,-1.485783529360086845e+02,2.038826163134428100e+02
-2.112599645594051765e+02,-1.485473761725639577e+02,2.046930901695225202e+02
-2.112921395661520592e+02,-1.485218251492865988e+02,2.054766642382205646e+02
-2.113191648075423643e+02,-1.485027925442311130e+02,2.062325104370805207e+02
-2.113433684635415943e+02,-1.484871349113128076e+02,2.069600494791117171e+02
-2.113625239703806074e+02,-1.484778638008885991e+02,2.076584061879362082e+02
-2.113787323662395750e+02,-1.484721292953014142e+02,2.083270418094294598e+02
-2.113922090996125291e+02,-1.484693324486787560e+02,2.089653229061987361e+02
-2.114021727848402179e+02,-1.484708191263979700e+02,2.095725545585878535e+02
-2.114096475608351113e+02,-1.484750495856931707e+02,2.101482157952047771e+02
-2.114150727813565425e+02,-1.484814244219739976e+02,2.106917699618601318e+02
-2.114184683422088540e+02,-1.484896860412642638e+02,2.112026898573089682e+02
-2.114202101573825416e+02,-1.484996248737258497e+02,2.116804875760886944e+02
-2.114204546046236146e+02,-1.485107354314006329e+02,2.121247124681607374e+02
-2.114195075999869005e+02,-1.485226004806760898e+02,2.125349476368517116e+02
-2.114177474329683832e+02,-1.485348634586112837e+02,2.129108093979310183e+02
-2.114153591633429414e+02,-1.485470770609881299e+02,2.132519462583661607e+02
-2.114125161815509841e+02,-1.485589837092929599e+02,2.135580342027406857e+02
-2.114095347099947446e+02,-1.485702926412081979e+02,2.138287884873078326e+02
-2.114064245596327964e+02,-1.485806609552019779e+02,2.140639534252570968e+02
-2.114035519237664005e+02,-1.485899560659619851e+02,2.142633101430171791e+02
-2.114009511708021023e+02,-1.485978572622261424e+02,2.144266733364415245e+02
-2.113988184958624572e+02,-1.486042215376738795e+02,2.145538912200702271e+02
-2.113972113771679631e+02,-1.486088670476796665e+02,2.146448456245453542e+02
-2.113961718272177279e+02,-1.486116655007116378e+02,2.146994520235184325e+02
-2.113958157324503588e+02,-1.486126049332733317e+02,2.147176596954096794e+02
