x0y0m (0.0 0 -0.916); 
x1y0m (0.0 0 -0.17702603799847294); 
x2y0m (0.0 0 -0.17500000000000002); 
x0y1m (0.028538919200000002 0 -0.916); 
x0y1p (0.017028919564021673 0.01702891956402167 -0.916); 
x0y1n (0.017028919564021673 -0.01702891956402167 -0.916); 
x1y1m (0.028538919200000002 0 -0.14102603799847294); 
x1y1p (0.017028919564021673 0.01702891956402167 -0.14702603799847294); 
x1y1n (0.017028919564021673 -0.01702891956402167 -0.14702603799847294); 
x2y1m (0.028538919200000002 0 -0.139); 
x2y1p (0.017028919564021673 0.01702891956402167 -0.14500000000000002); 
x2y1n (0.017028919564021673 -0.01702891956402167 -0.14500000000000002); 
x0y2m (0.047035454998472934 0 -0.916); 
x0y2p (0.033259089185614904 0.033259089185614904 -0.916); 
x0y2n (0.033259089185614904 -0.033259089185614904 -0.916); 
x2y2m (0.045009417 0.0 -0.115); 
x2y2p (0.03182646397795308 0.03182646397795307 -0.115); 
x2y2n (0.03182646397795308 -0.03182646397795307 -0.115); 
x0y4m (0.24497396200152707 0 -0.916); 
x0y4p (0.17322274974541543 0.1732227497454154 -0.916); 
x0y4n (0.17322274974541543 -0.1732227497454154 -0.916); 
x2y3m (0.047035454998472934 0.0 -0.115); 
x2y3p (0.033259089185614904 0.033259089185614904 -0.115); 
x2y3n (0.033259089185614904 -0.033259089185614904 -0.115); 
x0y5m (0.247 0 -0.916); 
x0y5p (0.17465537495307726 0.17465537495307723 -0.916); 
x0y5n (0.17465537495307726 -0.17465537495307723 -0.916); 
x2y4m (0.251050605458604 0 -0.115); 
x2y4p (0.1775195855407674 0.17751958554076738 -0.115); 
x2y4n (0.1775195855407674 -0.17751958554076738 -0.115); 
x2y5m (0.253076643457077 0 -0.115); 
x2y5p (0.17895221074842924 0.1789522107484292 -0.115); 
x2y5n (0.17895221074842924 -0.1789522107484292 -0.115); 
xSy0m (0.0 0 -0.406933); 
xSy1m (0.028538919200000002 0 -0.406933); 
xSy1p (0.017028919564021673 0.01702891956402167 -0.406933); 
xSy1n (0.017028919564021673 -0.01702891956402167 -0.406933); 
xSy2m (0.047035454998472934 0 -0.406933); 
xSy2p (0.033259089185614904 0.033259089185614904 -0.406933); 
xSy2n (0.033259089185614904 -0.033259089185614904 -0.406933); 
xSy4m (0.24497396200152707 0 -0.406933); 
xSy4p (0.17322274974541543 0.1732227497454154 -0.406933); 
xSy4n (0.17322274974541543 -0.1732227497454154 -0.406933); 
xSy5m (0.247 0 -0.406933); 
xSy5p (0.17465537495307726 0.17465537495307723 -0.406933); 
xSy5n (0.17465537495307726 -0.17465537495307723 -0.406933); 
x3y2m (0.151967987 0 0.99); 
x3y2p (0.1074575941309691 0.10745759413096909 0.99); 
x3y2n (0.1074575941309691 -0.10745759413096909 0.99); 
x3y3m (0.15399402499847292 0 0.99); 
x3y3p (0.10889021933863093 0.10889021933863091 0.99); 
x3y3n (0.10889021933863093 -0.10889021933863091 0.99); 
x3y5m (0.2645999 0 0.99); 
x3y5p (0.18710038359128237 0.18710038359128234 0.99); 
x3y5n (0.18710038359128237 -0.18710038359128234 0.99); 
xr1y2m (0.0743082867221151 0 -0.04821998601222705); 
xr1y2p (0.05254389343956188 0.052543893439561874 -0.04821998601222705); 
xr1y2n (0.05254389343956188 -0.052543893439561874 -0.04821998601222705); 
xr1y3m (0.07620817326858186 0 -0.04869457537209064); 
xr1y3p (0.053887316100053616 0.05388731610005361 -0.04869457537209064); 
xr1y3n (0.053887316100053616 -0.05388731610005361 -0.04869457537209064); 
xr1y4m (0.25197318467935687 0 -0.035283472873013554); 
xr1y4p (0.17817194756394353 0.1781719475639435 -0.035283472873013554); 
xr1y4n (0.17817194756394353 -0.1781719475639435 -0.035283472873013554); 
xr1y5m (0.25399920624203837 0 -0.035078025480022666); 
xr1y5p (0.1796045611497458 0.17960456114974577 -0.035078025480022666); 
xr1y5n (0.1796045611497458 -0.17960456114974577 -0.035078025480022666); 
xr2y2m (0.09142349295124995 0 0.013550111181265161); 
xr2y2p (0.06464617182558938 0.06464617182558936 0.013550111181265161); 
xr2y2n (0.06464617182558938 -0.06464617182558936 0.013550111181265161); 
xr2y3m (0.09360967185281523 0 0.01402437521119579); 
xr2y3p (0.06619203375177314 0.06619203375177313 0.01402437521119579); 
xr2y3n (0.06619203375177314 -0.06619203375177313 0.01402437521119579); 
xr2y4m (0.25035807851816627 0 0.013321666663346455); 
xr2y4p (0.1770298950450295 0.17702989504502947 0.013321666663346455); 
xr2y4n (0.1770298950450295 -0.17702989504502947 0.013321666663346455); 
xr2y5m (0.25245200697479475 0 0.01253551935238009); 
xr2y5p (0.17851052605603096 0.17851052605603093 0.01253551935238009); 
xr2y5n (0.17851052605603096 -0.17851052605603093 0.01253551935238009); 
xs1y2m (0.12886752769681578 0 0.1418287613571438); 
xs1y2p (0.09112310270916367 0.09112310270916366 0.1418287613571438); 
xs1y2n (0.09112310270916367 -0.09112310270916366 0.1418287613571438); 
xs1y3m (0.1309666302493302 0 0.1420179848228135); 
xs1y3p (0.09260739235845261 0.0926073923584526 0.1420179848228135); 
xs1y3n (0.09260739235845261 -0.0926073923584526 0.1420179848228135); 
xs1y4m (0.262284359589888 0 0.14417957518001687); 
xs1y4p (0.1854630492651807 0.18546304926518067 0.14417957518001687); 
xs1y4n (0.1854630492651807 -0.18546304926518067 0.14417957518001687); 
xs1y5m (0.2643103342800771 0 0.14417120106840095); 
xs1y5p (0.18689562970712573 0.1868956297071257 0.14417120106840095); 
xs1y5n (0.18689562970712573 -0.1868956297071257 0.14417120106840095); 
xs2y2m (0.1491529827949901 0 0.210925121279364); 
xs2y2p (0.10546708556853795 0.10546708556853794 0.210925121279364); 
xs2y2n (0.10546708556853795 -0.10546708556853794 0.210925121279364); 
xs2y3m (0.15117441616778363 0 0.21089666541407848); 
xs2y3p (0.10689645481415706 0.10689645481415704 0.21089666541407848); 
xs2y3n (0.10689645481415706 -0.10689645481415704 0.21089666541407848); 
xs2y4m (0.26228073334409724 0 0.2142315335100747); 
xs2y4p (0.1854604851221918 0.18546048512219176 0.2142315335100747); 
xs2y4n (0.1854604851221918 -0.18546048512219176 0.2142315335100747); 
xs2y5m (0.26430677525874496 0 0.21438146862331817); 
xs2y5p (0.18689311309900739 0.18689311309900736 0.21438146862331817); 
xs2y5n (0.18689311309900739 -0.18689311309900736 0.21438146862331817); 
x0y2ArcP (0.047034350237915905 0.0003223734021791152 -0.916); 
x0y2ArcN (0.047034350237915905 -0.0003223734021791152 -0.916); 
blRadial 41.0; 
coreRadial 23.0; 
xdP 0.09737420126042261; 
xdN 0.22066669039883938; 
xdupG 33.80909018963315; 
xddwG 0.029577844135735692; 
ptX2 34.0; 
ptX3 26.0; 
ptX5 23.0; 
ptX6 23.0; 
ptX7 66.0; 
ptX8 124.0; 
x2P 0.07888672540328232; 
x3P 0.21944127941864291; 
x5P 0.18266308211670662; 
x6P 0.29966428586831784; 
x7P 0.05201138051580175; 
x8P 1; 
x2N 0.2209560666025711; 
x3N 0.35884593261323455; 
x5N 0.32795787730746356; 
x6N 0.4147019028006082; 
x7N 0.17159108339756773; 
x8N 0.001561026816498164; 
x2upG 41.133539049935024; 
x3upG 32.296320647299694; 
x5upG 41.133539049935024; 
x6upG 32.296320647299694; 
x7upG 62.5225114974525; 
x8upG 7.2659276258224965; 
x2dwG 0.024311061559425425; 
x3dwG 0.03096327940636824; 
x5dwG 0.024311061559425425; 
x6dwG 0.03096327940636824; 
x7dwG 0.01599423913162454; 
x8dwG 0.1376286761302279; 
radial 9.0; 
tangential 90; 
