1.485091934519381880e+02,1.283581791696944485e+01,1.437705514431440008e+02
1.485134841355777553e+02,1.282493035498427858e+01,1.437835719967752937e+02
1.485263961098913796e+02,1.279232083402513354e+01,1.438226552042515607e+02
1.485479155598410728e+02,1.273813281533065833e+01,1.438878528662739029e+02
1.485780705044880960e+02,1.266260787161383838e+01,1.439792533275091557e+02
1.486166636198527158e+02,1.256608263462724118e+01,1.440969791232713249e+02
1.486638270909064090e+02,1.244898768331001726e+01,1.442411860732212574e+02
1.487194136804343430e+02,1.231184613202661104e+01,1.444120623496429801e+02
1.487834269548694976e+02,1.215527115744608544e+01,1.446098265537721090e+02
1.488557968521233761e+02,1.197998718778766758e+01,1.448347449148183159e+02
1.489364415198338349e+02,1.178657593672721404e+01,1.450869276943703312e+02
1.490252425714456308e+02,1.157604793872266669e+01,1.453667880415476930e+02
1.491221998754185734e+02,1.134882184765054802e+01,1.456742233194765959e+02
1.492270811935791528e+02,1.110574335817074498e+01,1.460094330296910528e+02
1.493399175263910479e+02,1.084766198034727935e+01,1.463725795389838424e+02
1.494604839952442035e+02,1.057543062657239119e+01,1.467637882511886573e+02
1.495887257641481654e+02,1.028977875590712898e+01,1.471830463469482311e+02
1.497244242684647020e+02,9.991171169482214509e+00,1.476300902316392865e+02
1.498674545976906813e+02,9.680336367607717207e+00,1.481048297373577327e+02
1.500178433184336768e+02,9.359980083455109678e+00,1.486087218544570305e+02
1.501753111299692875e+02,9.029072871720540405e+00,1.491401929897268133e+02
1.503395886913695563e+02,8.687629738380037381e+00,1.496984711217805000e+02
1.505108819859204345e+02,8.339635984615158648e+00,1.502859298083916144e+02
1.506887275437151175e+02,7.983238532261815124e+00,1.509002304081114687e+02
1.508729661888846181e+02,7.619057826794056965e+00,1.515409827539376693e+02
1.510638459032199989e+02,7.251265695283921175e+00,1.522106078760415926e+02
1.512602424941250092e+02,6.874573164970064099e+00,1.529039186425144976e+02
1.514635832193827127e+02,6.498706574362795862e+00,1.536277204561156964e+02
1.516718333398748086e+02,6.113880367303238472e+00,1.543731663791784570e+02
1.518867381161327330e+02,5.732132041979316917e+00,1.551488519556464496e+02
1.521061292753953467e+02,5.341833122384409549e+00,1.559444003865119157e+02
1.523321474478793505e+02,4.957878670451926872e+00,1.567706381787906480e+02
1.525620757989456706e+02,4.566169897950492995e+00,1.576151611266115538e+02
1.527985222373046099e+02,4.182728549559239006e+00,1.584896455984643353e+02
1.530386050454790450e+02,3.793196746985874501e+00,1.593814344125706839e+02
1.532840521232520246e+02,3.409521079281767175e+00,1.602988966241417472e+02
1.535338086172859278e+02,3.026393933610347364e+00,1.612365747752379548e+02
1.537875518030945159e+02,2.644309673885579581e+00,1.621936343522504558e+02
1.540463626475327317e+02,2.270864801793675447e+00,1.631749038544542145e+02
1.543074791754298190e+02,1.892576423830581334e+00,1.641683321460911316e+02
1.545746774935823566e+02,1.530558104447822254e+00,1.651895273712387109e+02
1.548439049142065187e+02,1.165857114580742593e+00,1.662220332981074478e+02
1.551170392134797851e+02,8.092478518357540951e-01,1.672731596474376374e+02
1.553937921217376754e+02,4.607195815327039812e-01,1.683415771563966246e+02
1.556718804448443620e+02,1.105090102243057731e-01,1.694181454283163930e+02
1.559553380032706116e+02,-2.200356856134269012e-01,1.705185997248810850e+02
1.562395297939868328e+02,-5.519840217235025825e-01,1.716247391924392787e+02
1.565267587798611828e+02,-8.732570861262967110e-01,1.727448705601472057e+02
1.568163897642594122e+02,-1.184793331295975527e+00,1.738768833162314422e+02
1.571061777143946472e+02,-1.496154233588993243e+00,1.750117655475436038e+02
1.574003547972218939e+02,-1.786283877689429644e+00,1.761649934269458413e+02
1.577193897884592388e+02,-2.101016862039143174e+00,1.774180034383151963e+02
1.580028405009641119e+02,-2.365444855117598166e+00,1.785323994404726022e+02
1.582853732416918717e+02,-2.619318386753988204e+00,1.796441800013798513e+02
1.585666842768023912e+02,-2.871374043643641016e+00,1.807526197577868743e+02
1.588467009398580956e+02,-3.099370225112268784e+00,1.818557148601738049e+02
1.591250235853434845e+02,-3.325720882497254838e+00,1.829533133518065711e+02
1.594015188997917392e+02,-3.540020233948885764e+00,1.840439107180544909e+02
1.596759438315463910e+02,-3.740841652080492796e+00,1.851263803607029388e+02
1.599478939389384493e+02,-3.939985047652874606e+00,1.862001504620387493e+02
1.602174415947777959e+02,-4.117130773521325615e+00,1.872633286196856659e+02
1.604841535079183075e+02,-4.291084284031016161e+00,1.883156509907782663e+02
1.607479018393141530e+02,-4.454005318106056599e+00,1.893557617012628214e+02
1.610083466805273531e+02,-4.604548996122812987e+00,1.903825852531629153e+02
1.612651956784065703e+02,-4.751698907605996780e+00,1.913954862020681844e+02
1.615184961302476268e+02,-4.880190439226383070e+00,1.923928391879011031e+02
1.617676910920903879e+02,-5.006199801021371520e+00,1.933743346360862176e+02
1.620127230559298539e+02,-5.118384272209656416e+00,1.943385396135064695e+02
1.622533431422223771e+02,-5.223912716739611106e+00,1.952848038290929082e+02
1.624892959049241199e+02,-5.320237675793095811e+00,1.962120922910907268e+02
1.627204013845413044e+02,-5.407037368228021279e+00,1.971194804744836802e+02
1.629463109400842313e+02,-5.487265837066392926e+00,1.980061986956476119e+02
1.631669643918273209e+02,-5.557101501144292577e+00,1.988712169543684070e+02
1.633820220239603884e+02,-5.621483278419462160e+00,1.997138888515338806e+02
1.635914267719995792e+02,-5.676182548626696800e+00,2.005332103599794777e+02
1.637947957242312214e+02,-5.725431251992926462e+00,2.013285503039437572e+02
1.639920047544054285e+02,-5.766854701662731841e+00,2.020990274886564748e+02
1.641828023794794831e+02,-5.802107915306494945e+00,2.028439517385449449e+02
1.643670731244571073e+02,-5.832101844681769620e+00,2.035626270466338212e+02
1.645446177431220178e+02,-5.854848706782022738e+00,2.042542631070798507e+02
1.647151178627891852e+02,-5.873939413552352384e+00,2.049183269272352561e+02
1.648786262366044184e+02,-5.887184997874431502e+00,2.055540733244020544e+02
1.650347601663955857e+02,-5.896018882084163693e+00,2.061609347690760217e+02
1.651834034434378680e+02,-5.901518749572729483e+00,2.067383573325678014e+02
1.653244834793859184e+02,-5.903500675512701079e+00,2.072857637797229415e+02
1.654578524382399678e+02,-5.901746356591475617e+00,2.078026049312358055e+02
1.655833039815427412e+02,-5.897634104005233802e+00,2.082884277100839370e+02
1.657006397045052495e+02,-5.891487584479492945e+00,2.087427658982000480e+02
1.658098582590402543e+02,-5.883645574374486209e+00,2.091651848912035234e+02
1.659106919268632510e+02,-5.874531164183474985e+00,2.095552850060054766e+02
1.660032699474359958e+02,-5.864591503958058283e+00,2.099126993978846372e+02
1.660872708680031167e+02,-5.854183626777556881e+00,2.102370897151011491e+02
1.661627122702281838e+02,-5.843659431234770274e+00,2.105281499646630152e+02
1.662294287988505062e+02,-5.833499072384761064e+00,2.107856123504846835e+02
1.662874544671779518e+02,-5.824043941326259244e+00,2.110092365041888627e+02
1.663365641066060903e+02,-5.815568720496656852e+00,2.111988127192277886e+02
1.663769040222495903e+02,-5.808309006953423115e+00,2.113541633121560608e+02
1.664083260238794537e+02,-5.802459235827291728e+00,2.114751427220912205e+02
1.664307686901342436e+02,-5.798171630334421067e+00,2.115616376186622176e+02
1.664442523603898962e+02,-5.795554239293460697e+00,2.116135669388775966e+02
1.664487715713133298e+02,-5.794671289395764369e+00,2.116308819862097153e+02
