-6.532307805852909155e+01,5.061267028698527071e+01,-5.030029678640656954e+01
-6.533063128361276028e+01,5.060904631727366620e+01,-5.028610901796889721e+01
-6.535340549147991851e+01,5.059830264995369475e+01,-5.024354543225463487e+01
-6.539034421652669948e+01,5.057979008918972852e+01,-5.017261176288465663e+01
-6.544341539988805323e+01,5.055513646477099599e+01,-5.007331724276003371e+01
-6.551018465257425305e+01,5.052284970807851039e+01,-4.994567491994040864e+01
-6.559169191020954770e+01,5.048403920757307617e+01,-4.978970213950555745e+01
-6.568777980294893837e+01,5.043902019405923198e+01,-4.960542097020507413e+01
-6.579640677332434961e+01,5.038681300226736681e+01,-4.939285870944988233e+01
-6.591959056380736115e+01,5.032945936441791446e+01,-4.915204846093347157e+01
-6.605703311088045382e+01,5.026739122695466477e+01,-4.888302864499424771e+01
-6.620540011011893000e+01,5.019879016140612293e+01,-4.858588896766557497e+01
-6.636768406535051668e+01,5.012656874140034802e+01,-4.826069962219424525e+01
-6.654095529069361703e+01,5.004930662861008273e+01,-4.790757583280534959e+01
-6.672674607124824320e+01,4.996901653799419307e+01,-4.752659014078946598e+01
-6.692274075519777909e+01,4.988484574825649531e+01,-4.711787495381418012e+01
-6.712903896614461985e+01,4.979843645945084774e+01,-4.668130262119376539e+01
-6.734561353465636557e+01,4.971089033367378107e+01,-4.621695382649154737e+01
-6.757096659245974024e+01,4.962148310993063660e+01,-4.572523892318597660e+01
-6.780511145417027308e+01,4.953165841614571718e+01,-4.520617653421567894e+01
-6.804637745341931065e+01,4.944243265491563477e+01,-4.465950094255784819e+01
-6.829495031236847069e+01,4.935552829281817111e+01,-4.408522906061847380e+01
-6.855020020786675161e+01,4.927042760385220532e+01,-4.348405618661052330e+01
-6.881201960054998779e+01,4.918729385695473155e+01,-4.285658644401944173e+01
-6.907887432990868604e+01,4.910697848758229611e+01,-4.220277067483245048e+01
-6.934937817710023467e+01,4.903228561546073649e+01,-4.152185806425323022e+01
-6.962431494070469284e+01,4.896333574717869652e+01,-4.081480386867642807e+01
-6.990361910108856591e+01,4.889874422252648145e+01,-4.008293851648898709e+01
-7.018431178328894759e+01,4.884116450264249920e+01,-3.932518816738264178e+01
-7.046747280224469989e+01,4.879234375547970615e+01,-3.854202285646984194e+01
-7.075377523294442028e+01,4.874959969757397005e+01,-3.773556602586328523e+01
-7.103991409757783515e+01,4.871912277071929509e+01,-3.690332105825149256e+01
-7.132573331237340142e+01,4.869517594017759876e+01,-3.604842093358995214e+01
-7.161106995599379843e+01,4.868770375276452000e+01,-3.516782797705629093e+01
-7.189618171370140942e+01,4.868648483236946589e+01,-3.426660204308549851e+01
-7.218335696675401891e+01,4.869278992535135586e+01,-3.334586810834193926e+01
-7.246512196028579922e+01,4.871857132538654156e+01,-3.239975213566599166e+01
-7.274840729090567493e+01,4.874709897389399060e+01,-3.143784795831479428e+01
-7.302649284222547976e+01,4.879875561690102614e+01,-3.045119994811985009e+01
-7.330248351072128798e+01,4.885396999392428086e+01,-2.944945596829338541e+01
-7.357603622948458622e+01,4.893163202023314540e+01,-2.842610465212669979e+01
-7.384394817658345289e+01,4.901598179124766830e+01,-2.738750561369841918e+01
-7.411001246838246459e+01,4.912041983249291377e+01,-2.633052338288102945e+01
-7.436836404687929303e+01,4.923463392498972979e+01,-2.525862425704105618e+01
-7.462517059379730711e+01,4.936707922401834736e+01,-2.417132501320944371e+01
-7.487164089959151170e+01,4.951079272823417909e+01,-2.306994692930335944e+01
-7.511560544960333630e+01,4.967035047019420091e+01,-2.195602992854188074e+01
-7.535537465528936707e+01,4.984823946714498533e+01,-2.082921350932577198e+01
-7.558526128560068003e+01,5.003485661354391567e+01,-1.969276879232952382e+01
-7.581122084006689477e+01,5.024252803707219073e+01,-1.854465144873874749e+01
-7.602759490631628125e+01,5.045717753527502225e+01,-1.738991278852155631e+01
-7.624972159962005946e+01,5.070823911118974792e+01,-1.616261330508755734e+01
-7.643805513114871530e+01,5.093515078020382703e+01,-1.507078563268620641e+01
-7.661786953524084254e+01,5.118163628145811117e+01,-1.398953777973686208e+01
-7.678744033083714271e+01,5.142838991113756464e+01,-1.291411005349898034e+01
-7.694988685030045872e+01,5.169264736016750561e+01,-1.185046433868773974e+01
-7.710088853916674623e+01,5.195674856563927335e+01,-1.079498081764936401e+01
-7.724609568251906921e+01,5.223673692953613568e+01,-9.752626803780671594e+00
-7.737892409174260422e+01,5.251564077968575361e+01,-8.720528666992683142e+00
-7.750709979542945405e+01,5.280889459934629571e+01,-7.702951890064534624e+00
-7.762252729631173054e+01,5.309988441969265693e+01,-6.697479844315861186e+00
-7.773378357626479840e+01,5.340363110312713957e+01,-5.708024428022460128e+00
-7.783292810096084224e+01,5.370394192925355981e+01,-4.732249350238144636e+00
-7.792727582239280082e+01,5.401507299692789843e+01,-3.774093222759865807e+00
-7.801169311856786237e+01,5.432203354379235805e+01,-2.830923915077245390e+00
-7.808893509879774797e+01,5.463702982693440902e+01,-1.907063286456104789e+00
-7.816055496752962028e+01,5.494828405865712995e+01,-9.993170918919650481e-01
-7.822025916957339575e+01,5.526306349673790663e+01,-1.125072111377909828e-01
-7.828018013702980227e+01,5.557828469205779243e+01,7.562655406248374179e-01
-7.832286466542285552e+01,5.588699710230548590e+01,1.604196740270838362e+00
-7.837472590913199610e+01,5.620391473720556519e+01,2.431812908644205518e+00
-7.840700371244754763e+01,5.650761057282173994e+01,3.238379862936091591e+00
-7.844232168562481888e+01,5.681599270705859084e+01,4.022533967211321837e+00
-7.846948009235538279e+01,5.711585901313112146e+01,4.785054005280127143e+00
-7.848707619275714364e+01,5.740953140275183841e+01,5.524013005340806082e+00
-7.851270056749946491e+01,5.770649355700097516e+01,6.239661080431729623e+00
-7.852371318623042384e+01,5.798809728620112480e+01,6.931916096189275400e+00
-7.853094142187711668e+01,5.826460611979531024e+01,7.599228976280599568e+00
-7.854509312209148675e+01,5.854118738265724886e+01,8.241701736321687122e+00
-7.854086779051124267e+01,5.879787447721877669e+01,8.859129072536354954e+00
-7.854724527808544110e+01,5.905556082082399172e+01,9.450870757487241036e+00
-7.854826656988511502e+01,5.930313774835151719e+01,1.001610380469375450e+01
-7.854719959790584483e+01,5.954120018647161316e+01,1.055476879062983464e+01
-7.854013703101013277e+01,5.976597679421357157e+01,1.106656030370145416e+01
-7.853240195833384973e+01,5.998091955356308347e+01,1.155103458523442761e+01
-7.852494695031225547e+01,6.018622106320042775e+01,1.200780516165222345e+01
-7.851722227154394318e+01,6.038086978958982343e+01,1.243655267995028879e+01
-7.850911030789907841e+01,6.056417796042977386e+01,1.283698567086367248e+01
-7.849486209365488776e+01,6.073140758699589270e+01,1.320883080328441572e+01
-7.849084395537263958e+01,6.089396642132387427e+01,1.355182148754379767e+01
-7.847867194504931376e+01,6.103813908040370961e+01,1.386568296127735600e+01
-7.846525142409350906e+01,6.116829534831584425e+01,1.415026703990912260e+01
-7.846019203280211229e+01,6.129109646246746479e+01,1.440535261096989927e+01
-7.845020661597078515e+01,6.139645915781417784e+01,1.463078721686538586e+01
-7.844375786871691503e+01,6.149015439092530499e+01,1.482643534196700408e+01
-7.843253309690764752e+01,6.156581146582937691e+01,1.499218021794198563e+01
-7.842734232874907718e+01,6.163100247532828035e+01,1.512792336176048025e+01
-7.842564752688734586e+01,6.168365113335103445e+01,1.523358441225949989e+01
-7.842131036716791925e+01,6.171911500385722604e+01,1.530910132630248555e+01
-7.841947357995350387e+01,6.174100497859643610e+01,1.535442818085714478e+01
-7.841780046057583320e+01,6.174754227340378776e+01,1.536953920943773255e+01
