-7.819627144015065312e+01,6.217949065836911871e+01,-5.438123467613295503e+01
-7.820510367861865575e+01,6.217402723488145710e+01,-5.436584681096611860e+01
-7.823149192263181817e+01,6.215761693404863308e+01,-5.431967547834832288e+01
-7.827573449260812311e+01,6.213064427202220230e+01,-5.424270160946617381e+01
-7.833726070883149362e+01,6.209297441188650879e+01,-5.413489327708716559e+01
-7.841623107007431770e+01,6.204511425952581760e+01,-5.399620638364218195e+01
-7.851112179670489866e+01,6.198645581496118240e+01,-5.382658535022507351e+01
-7.862328348371609366e+01,6.191858660510803958e+01,-5.362596384720600895e+01
-7.875258427517655946e+01,6.184211620281347166e+01,-5.339426845398874377e+01
-7.889664295362733526e+01,6.175625677960653093e+01,-5.313135181284540209e+01
-7.905465285260983421e+01,6.166104341406865075e+01,-5.283726239191435070e+01
-7.923057890036464812e+01,6.155930127655226869e+01,-5.251241619146460238e+01
-7.941971483179472102e+01,6.144854454145196598e+01,-5.215679041466692212e+01
-7.962184187117017586e+01,6.132968251785249691e+01,-5.177033656416266183e+01
-7.983805200677920766e+01,6.120472033824641755e+01,-5.135297577890969478e+01
-8.006880961586691114e+01,6.107472417920381247e+01,-5.090490136901193807e+01
-8.031048677729084773e+01,6.093841381384150679e+01,-5.042604149755999998e+01
-8.056149129887225513e+01,6.079610446752572273e+01,-4.991630556879245972e+01
-8.082437315216358797e+01,6.065120800673739154e+01,-4.937559774980324789e+01
-8.109699410821916388e+01,6.050394887627790297e+01,-4.880375267406735418e+01
-8.138237299492010379e+01,6.035817205575613542e+01,-4.820070160141311533e+01
-8.167110459304264225e+01,6.020814193345631793e+01,-4.756667844748674412e+01
-8.196797560844002817e+01,6.005780371882156032e+01,-4.690225581801521315e+01
-8.227363633443009405e+01,5.990895503044013992e+01,-4.620762471783711334e+01
-8.258675055652354047e+01,5.976471839199036395e+01,-4.548166993045133921e+01
-8.290122338861496587e+01,5.962258896835801636e+01,-4.472435682277829017e+01
-8.322090414798242364e+01,5.948223688791149755e+01,-4.393812296566029119e+01
-8.354789707179294567e+01,5.934951094755916756e+01,-4.312183471368537369e+01
-8.387257816124697740e+01,5.922273874212307732e+01,-4.227390320912522270e+01
-8.420635087511595884e+01,5.910366457174621502e+01,-4.139850239782588659e+01
-8.453401061971545971e+01,5.899008914403344761e+01,-4.049239121752565040e+01
-8.486924403051524735e+01,5.888963038444607179e+01,-3.955775714316852998e+01
-8.520135030752689431e+01,5.879254378976271056e+01,-3.859664005006007415e+01
-8.553120363827392225e+01,5.871994555495547985e+01,-3.760024369726889404e+01
-8.586533496525804310e+01,5.864189882393807807e+01,-3.658647571807016163e+01
-8.619222842344909452e+01,5.858953080050596185e+01,-3.553738539013455977e+01
-8.652381829513683442e+01,5.853892611868840845e+01,-3.446990918530850223e+01
-8.684600131380140908e+01,5.851050245074231526e+01,-3.337040401546089186e+01
-8.717166354575722664e+01,5.848991372614218420e+01,-3.225154947432295671e+01
-8.748722078195632434e+01,5.848892354967036766e+01,-3.110410415609748469e+01
-8.780447439171256008e+01,5.849995319129929072e+01,-2.993712490455981268e+01
-8.811140122452374612e+01,5.852946513090842018e+01,-2.874451238170623313e+01
-8.841766959430412953e+01,5.857303891603490342e+01,-2.753307295462633775e+01
-8.871482882032253769e+01,5.863591670529021371e+01,-2.629857772260119475e+01
-8.900868461893097106e+01,5.871334015563841291e+01,-2.504666114487958595e+01
-8.929421078294684833e+01,5.881097325912453044e+01,-2.377411353771080726e+01
-8.957417122924407238e+01,5.892312868465431563e+01,-2.248596697640041242e+01
-8.984653250271503566e+01,5.905623501201783654e+01,-2.117970857698189135e+01
-9.011091139818211104e+01,5.920331932832549171e+01,-1.985989840131370343e+01
-9.036759699530749401e+01,5.937060229209610895e+01,-1.852495053736211617e+01
-9.061900344653790285e+01,5.955502828433791507e+01,-1.717851970489291347e+01
-9.086740665140584383e+01,5.976189184147756350e+01,-1.577115914942697650e+01
-9.108224337812633564e+01,5.996231510896628691e+01,-1.452142213908954282e+01
-9.128321163474900857e+01,6.017067154404713847e+01,-1.327939415434217629e+01
-9.148134319894666078e+01,6.039213635704270189e+01,-1.204549597786498794e+01
-9.166232433296053728e+01,6.062077022160920592e+01,-1.082225869482434533e+01
-9.184403282651159373e+01,6.086111126021967976e+01,-9.608469407191677192e+00
-9.200559955584340344e+01,6.110717015741685998e+01,-8.408012869052347682e+00
-9.217107520579043012e+01,6.136406077510354606e+01,-7.218530812272320851e+00
-9.231376607974522130e+01,6.162475159720349893e+01,-6.044815531818235499e+00
-9.246208960503746255e+01,6.189526022596493959e+01,-4.883833804160292225e+00
-9.258732743293371925e+01,6.216850117877208248e+01,-3.740767289788034411e+00
-9.271771732460095450e+01,6.244982077624715799e+01,-2.612403595193558914e+00
-9.282648595241120404e+01,6.273313980926099731e+01,-1.503780922732906644e+00
-9.294026552717276957e+01,6.302385463497142126e+01,-4.120118903590623272e-01
-9.303215262569416666e+01,6.331353387127585108e+01,6.585491429558386622e-01
-9.313063624742503066e+01,6.361183279068818308e+01,1.709978920209713316e+00
-9.320524983701483279e+01,6.390378343533074457e+01,2.739100517380000710e+00
-9.328957407634797505e+01,6.420715000466800859e+01,3.746750516027813394e+00
-9.334789096270748132e+01,6.449798430400144866e+01,4.731285791649757932e+00
-9.341731344876389187e+01,6.480204643754642291e+01,5.692012110552008508e+00
-9.346762083270327537e+01,6.509360156375163342e+01,6.629002286864139393e+00
-9.351806989216618149e+01,6.539133637247152819e+01,7.539899612092267667e+00
-9.356395473286750075e+01,6.568422948730702160e+01,8.425930438697543323e+00
-9.359450058465090194e+01,6.596903263065946987e+01,9.284820581738257417e+00
-9.363418380488292314e+01,6.625973830422697120e+01,1.011674406528963921e+01
-9.365981615968159701e+01,6.653696556379395588e+01,1.092153795618982315e+01
-9.367770474302189143e+01,6.680943978526011051e+01,1.169713505665406572e+01
-9.370311062506827682e+01,6.708356735723948816e+01,1.244405015835914163e+01
-9.371788635659497402e+01,6.734493274344400504e+01,1.316182892404845184e+01
-9.372610285533592389e+01,6.759754765862896875e+01,1.384938617343432377e+01
-9.373172815062123675e+01,6.784342174692224603e+01,1.450622537851046978e+01
-9.373997649492982021e+01,6.808451119190712575e+01,1.513215918285406758e+01
-9.374629068179159219e+01,6.831689159425589253e+01,1.572668002109011809e+01
-9.374494649667521173e+01,6.853590392696608546e+01,1.628928067993903994e+01
-9.373638892653367805e+01,6.874116548218758282e+01,1.681954727712200537e+01
-9.373337161704763787e+01,6.894114930092406723e+01,1.731712548379890038e+01
-9.372647845261757027e+01,6.912821028294114001e+01,1.778169906790005683e+01
-9.372349838143280465e+01,6.930722417022694515e+01,1.821298132186186081e+01
-9.371790419742687561e+01,6.947268907764252788e+01,1.861071468733644707e+01
-9.370348718814585709e+01,6.961949437126119733e+01,1.897463181684645406e+01
-9.369429090944449001e+01,6.975727289191289060e+01,1.930449377159581559e+01
-9.369170904330803751e+01,6.988622859753473904e+01,1.960016783088943271e+01
-9.367748646013629354e+01,6.999258009939995873e+01,1.986147489863935789e+01
-9.366994841877198041e+01,7.008917965350148904e+01,2.008825752268069564e+01
-9.366848595207167705e+01,7.017518145666326745e+01,2.028037957452086459e+01
-9.366014590900742576e+01,7.024083046272207298e+01,2.043772623880125394e+01
-9.365578153155703944e+01,7.029372872960151142e+01,2.056020382694788040e+01
-9.365376078464827003e+01,7.033246869501992649e+01,2.064773972155515480e+01
-9.365235553971645288e+01,7.035563824925328902e+01,2.070028141166558200e+01
-9.364960448322666764e+01,7.036171477119725637e+01,2.071779842709639752e+01
