-1.809560142656477524e+02,2.701579454314700968e+01,1.445520475553899473e+02
-1.809569281272427759e+02,2.702627743073126254e+01,1.445656379836275960e+02
-1.809596077416224773e+02,2.705765733316011179e+01,1.446064273785196406e+02
-1.809641900853630148e+02,2.710980689133640453e+01,1.446744629629801011e+02
-1.809707015350828385e+02,2.718246850401959946e+01,1.447698251723074918e+02
-1.809790154693568525e+02,2.727524897646630819e+01,1.448926252042237195e+02
-1.809894465470787281e+02,2.738774686071409548e+01,1.450430043891850573e+02
-1.810018670493498405e+02,2.751936622660694098e+01,1.452211332723438488e+02
-1.810165302806847762e+02,2.766949343388560578e+01,1.454272105344375063e+02
-1.810333790757682664e+02,2.783733184300422536e+01,1.456614758711414197e+02
-1.810526928258260284e+02,2.802230276498149664e+01,1.459240283735784089e+02
-1.810744660755716211e+02,2.822335743099005256e+01,1.462152106118514325e+02
-1.810987382193805786e+02,2.844013790933130537e+01,1.465348560046831210e+02
-1.811256709024042095e+02,2.867187341800151046e+01,1.468830623911020723e+02
-1.811552072779957143e+02,2.891768840755042547e+01,1.472599297867477048e+02
-1.811875977873339139e+02,2.917685296473831258e+01,1.476654651441316730e+02
-1.812227591720641442e+02,2.944869849644997117e+01,1.480995470658210706e+02
-1.812606379642379864e+02,2.973284455240260726e+01,1.485618231809932013e+02
-1.813012825551095659e+02,3.002845031260928721e+01,1.490522377568160266e+02
-1.813454790724314876e+02,3.033289822095697374e+01,1.495720335089196169e+02
-1.813924155419907436e+02,3.064767718757419601e+01,1.501193511857142084e+02
-1.814420673056368400e+02,3.097235605956830895e+01,1.506937377703755772e+02
-1.814955310724660649e+02,3.130314548702511956e+01,1.512971875507805066e+02
-1.815517718812879480e+02,3.164220060459626183e+01,1.519272496694457288e+02
-1.816110725922711140e+02,3.198839035455052127e+01,1.525839014785326242e+02
-1.816741863501545708e+02,3.233855375006463362e+01,1.532685580907521228e+02
-1.817395954420067028e+02,3.269680645973587474e+01,1.539772540301879928e+02
-1.818097241966921729e+02,3.305488910737560815e+01,1.547151056234652629e+02
-1.818817408037616303e+02,3.342134007413727659e+01,1.554748485241565561e+02
-1.819588931860947412e+02,3.378505839614084749e+01,1.562636230553146675e+02
-1.820374979733737177e+02,3.415692017936962088e+01,1.570723757977920343e+02
-1.821218192306415631e+02,3.452309397541638702e+01,1.579102262578437319e+02
-1.822075012349239103e+02,3.489648433608827816e+01,1.587665756599862164e+02
-1.822990575603706418e+02,3.526266372048186071e+01,1.596509430303731847e+02
-1.823921301218146311e+02,3.563436088193127205e+01,1.605528062294430356e+02
-1.824899971316235110e+02,3.600097090301108693e+01,1.614788250382160868e+02
-1.825908608862664551e+02,3.636695745868838259e+01,1.624245092995312234e+02
-1.826947078974241663e+02,3.673217322056036949e+01,1.633887900668340478e+02
-1.828037986246602316e+02,3.708935255587499569e+01,1.643758201197267397e+02
-1.829136126489785852e+02,3.745101880638268455e+01,1.653751038888456151e+02
-1.830305618403039603e+02,3.779765019727269504e+01,1.663998179276909468e+02
-1.831485590932294656e+02,3.814664611368399250e+01,1.674358480256436792e+02
-1.832707466436506252e+02,3.848815204648946064e+01,1.684892026461458556e+02
-1.833970358233009961e+02,3.882198579959659668e+01,1.695587395324585316e+02
-1.835239304271592289e+02,3.915739287693223503e+01,1.706363098475909794e+02
-1.836583478714112800e+02,3.947415990325799129e+01,1.717355837880748766e+02
-1.837931537611020758e+02,3.979215924593481901e+01,1.728405393513091894e+02
-1.839320707770472154e+02,4.010011878413774156e+01,1.739582027582697776e+02
-1.840746307067005034e+02,4.039863017207117224e+01,1.750868050357757397e+02
-1.842173644801074488e+02,4.069708659368994574e+01,1.762180678252071289e+02
-1.843673090080714019e+02,4.097506341646075612e+01,1.773657996708266751e+02
-1.845301417388005518e+02,4.127680940597549863e+01,1.786141299076893745e+02
-1.846777502561807012e+02,4.153073332183404176e+01,1.797234356464447842e+02
-1.848269283559938856e+02,4.177438518996245875e+01,1.808300952141386233e+02
-1.849755646453793929e+02,4.201658649576414462e+01,1.819334414029127061e+02
-1.851282241589915145e+02,4.223592583652461485e+01,1.830313913349282302e+02
-1.852801035231349260e+02,4.245360871105980038e+01,1.841238660843966102e+02
-1.854329952356115996e+02,4.266035725506855414e+01,1.852093627145201538e+02
-1.855872580835775523e+02,4.285419522365182132e+01,1.862867256503278384e+02
-1.857401989486549496e+02,4.304637720341873575e+01,1.873554289835482507e+02
-1.858957551260872947e+02,4.321843270030727524e+01,1.884135595223694111e+02
-1.860499504384390264e+02,4.338716120445917568e+01,1.894608701785262781e+02
-1.862041550010489743e+02,4.354590278876320752e+01,1.904960217576339403e+02
-1.863585367691905219e+02,4.369306310555420225e+01,1.915179251685777047e+02
-1.865109849637853472e+02,4.383705576406144644e+01,1.925259742849626150e+02
-1.866645648930260393e+02,4.396406696574383943e+01,1.935185306790197046e+02
-1.868157752431640120e+02,4.408862230462340648e+01,1.944953035831137242e+02
-1.869666740938356781e+02,4.420076521772638500e+01,1.954548671134323286e+02
-1.871157193613303491e+02,4.430677422530940390e+01,1.963965740197741354e+02
-1.872632296153538505e+02,4.440445335469183874e+01,1.973193967404929197e+02
-1.874090537316259599e+02,4.449362839692376070e+01,1.982224211174863910e+02
-1.875524774082892918e+02,4.457673778510702789e+01,1.991048746792162376e+02
-1.876941259806920073e+02,4.465079594931275153e+01,1.999657490533742532e+02
-1.878328207752716139e+02,4.471972145424214773e+01,2.008043835276185689e+02
-1.879691764877580908e+02,4.478032611705092592e+01,2.016198034081815536e+02
-1.881024237961995311e+02,4.483584378185562969e+01,2.024113576965947630e+02
-1.882326341209986253e+02,4.488467248018593381e+01,2.031781939181433643e+02
-1.883594734880515489e+02,4.492785519544022321e+01,2.039196061792786168e+02
-1.884825810475396679e+02,4.496649230793367025e+01,2.046349162891257265e+02
-1.886021723195256925e+02,4.499869160546646896e+01,2.053233319791023632e+02
-1.887176039299017418e+02,4.502748187669627100e+01,2.059843160989911439e+02
-1.888289721067205278e+02,4.505136030228935340e+01,2.066171482265287125e+02
-1.889360056209873733e+02,4.507111373821214073e+01,2.072212417072441042e+02
-1.890383433390347250e+02,4.508773142305785342e+01,2.077960480376131898e+02
-1.891359515994092817e+02,4.510122708883861975e+01,2.083410006627224220e+02
-1.892287661399353453e+02,4.511122355005990414e+01,2.088555451602387905e+02
-1.893163958294404381e+02,4.511882187250522236e+01,2.093392264024936367e+02
-1.893987643720898575e+02,4.512430559718382739e+01,2.097915800069065710e+02
-1.894756886843658776e+02,4.512790582701863684e+01,2.102121711299334379e+02
-1.895470166329248514e+02,4.512992387654450965e+01,2.106005990946154043e+02
-1.896126607922953156e+02,4.513067708636275199e+01,2.109564950495224025e+02
-1.896724700939256252e+02,4.513038646237085771e+01,2.112795185330352865e+02
-1.897263795328390472e+02,4.512936533876442269e+01,2.115693648527348500e+02
-1.897741124030659989e+02,4.512785870706512981e+01,2.118257610345150965e+02
-1.898157154478609243e+02,4.512614702149009105e+01,2.120484656594607031e+02
-1.898510865337732412e+02,4.512440323849008905e+01,2.122372672057771865e+02
-1.898801071695976646e+02,4.512276662674957350e+01,2.123919863125719587e+02
-1.899026842833743842e+02,4.512135271501102096e+01,2.125124760120285146e+02
-1.899188544095170812e+02,4.512027803225635125e+01,2.125986219967577142e+02
-1.899285771965257936e+02,4.511960318139540504e+01,2.126503421530395315e+02
-1.899318070210548512e+02,4.511936737301999756e+01,2.126675875107742968e+02
