-1.611945980398593576e+02,2.176006062418466058e+01,1.443417386597085965e+02
-1.611960649238631902e+02,2.177120662953461760e+01,1.443548828213601780e+02
-1.612005709449022675e+02,2.180461276951744765e+01,1.443943354068645988e+02
-1.612081237508191975e+02,2.186012451265170142e+01,1.444601517457938371e+02
-1.612186881918907488e+02,2.193747385972849173e+01,1.445524243015759396e+02
-1.612323100763648824e+02,2.203630728580384002e+01,1.446712814882675673e+02
-1.612491532387431903e+02,2.215619511984225198e+01,1.448168866278834344e+02
-1.612692032431153280e+02,2.229657025936325354e+01,1.449894368242509017e+02
-1.612926320007997276e+02,2.245680794437184602e+01,1.451891613640116816e+02
-1.613194432427407037e+02,2.263617089788552050e+01,1.454163064969654897e+02
-1.613497739025138173e+02,2.283406326957102195e+01,1.456709926367410333e+02
-1.613836925528351571e+02,2.304951260123251799e+01,1.459535725180208203e+02
-1.614212438514668975e+02,2.328212065539544540e+01,1.462639226113396091e+02
-1.614625208879375862e+02,2.353103117881193285e+01,1.466022323885588889e+02
-1.615076193201534807e+02,2.379540961101698571e+01,1.469686361249071638e+02
-1.615565472562918217e+02,2.407437557098266723e+01,1.473632497673523574e+02
-1.616093198765775298e+02,2.436721345302512987e+01,1.477860280563221522e+02
-1.616660337695124667e+02,2.467348347673876674e+01,1.482366934540074794e+02
-1.617265869222046604e+02,2.499247944384261544e+01,1.487151000817166562e+02
-1.617914593271158878e+02,2.532193526148225970e+01,1.492223322356247195e+02
-1.618604197679276808e+02,2.566211695951303184e+01,1.497574192575090137e+02
-1.619331507079977541e+02,2.601332234357218809e+01,1.503193179954023719e+02
-1.620104729409428046e+02,2.637226151002902341e+01,1.509098316598794440e+02
-1.620918486507722776e+02,2.673966404546230180e+01,1.515274890090596216e+02
-1.621770292639742479e+02,2.711604195630591363e+01,1.521709963702476500e+02
-1.622673717949642196e+02,2.749609687042827844e+01,1.528436540472503395e+02
-1.623607006369791463e+02,2.788557719946666680e+01,1.535398600482759264e+02
-1.624599478371002874e+02,2.827575013454983832e+01,1.542656870188789071e+02
-1.625619466392766412e+02,2.867436032171367444e+01,1.550138155038733316e+02
-1.626698339392075354e+02,2.907214345096646824e+01,1.557906922526833569e+02
-1.627803810366604580e+02,2.947743148157399773e+01,1.565884924865191863e+02
-1.628973474221206175e+02,2.987909025954724740e+01,1.574151137288355926e+02
-1.630161510050390063e+02,3.028864678300510604e+01,1.582600638727704450e+02
-1.631426784105111949e+02,3.068967917999158601e+01,1.591355042558570858e+02
-1.632705313038611905e+02,3.109876673498530408e+01,1.600268105708273936e+02
-1.634049209000733072e+02,3.150112020760288090e+01,1.609447642181841047e+02
-1.635422503274795076e+02,3.190548300403412796e+01,1.618810358757544350e+02
-1.636841037631398592e+02,3.230732690582429001e+01,1.628380772675447190e+02
-1.638312500625778512e+02,3.270370716145834677e+01,1.638170018667599095e+02
-1.639798579688044526e+02,3.310382371981731353e+01,1.648090473626596690e+02
-1.641368354358352519e+02,3.348937865486713861e+01,1.658278104590671376e+02
-1.642947134798632476e+02,3.387881108735746949e+01,1.668569771789373419e+02
-1.644583721598481247e+02,3.425868252332397645e+01,1.679061421400079439e+02
-1.646259318088570467e+02,3.463359225638433259e+01,1.689702573311152776e+02
-1.647951977657703537e+02,3.500793383145773419e+01,1.700443687963368689e+02
-1.649721218690791886e+02,3.536636339797993145e+01,1.711396423609602664e+02
-1.651494382692762031e+02,3.572629998535825280e+01,1.722405118840416094e+02
-1.653323801293246902e+02,3.607394171591140974e+01,1.733568558314465236e+02
-1.655185546805880108e+02,3.641482172281033058e+01,1.744828040687135626e+02
-1.657057525284970723e+02,3.675331195384966776e+01,1.756133841135394960e+02
-1.659001033002542442e+02,3.707405803534904720e+01,1.767597728589109920e+02
-1.661110826500168969e+02,3.742239686795857523e+01,1.780064639734815444e+02
-1.663021486613673119e+02,3.771449266079019225e+01,1.791148578697960261e+02
-1.664940857076280167e+02,3.799895210456071482e+01,1.802207516932197677e+02
-1.666858498592078774e+02,3.827908475406182731e+01,1.813232144641018806e+02
-1.668809168548957871e+02,3.853836700201955523e+01,1.824204341152522488e+02
-1.670748622607494838e+02,3.879591548671050560e+01,1.835121899094735625e+02
-1.672701714895006830e+02,3.903931134525537772e+01,1.845968628729174554e+02
-1.674660290920445789e+02,3.927175549567451895e+01,1.856735345138883133e+02
-1.676603391816198041e+02,3.950106047637982698e+01,1.867415014951485261e+02
-1.678569851020640726e+02,3.970937100262455033e+01,1.877989232287652897e+02
-1.680516299927275554e+02,3.991505573054585909e+01,1.888455835794265170e+02
-1.682463548851423241e+02,4.010793628224976715e+01,1.898800047794874786e+02
-1.684403845322661084e+02,4.029035183442653079e+01,1.909012788144208344e+02
-1.686323502047189322e+02,4.046742164912587469e+01,1.919086338369550901e+02
-1.688246613040454065e+02,4.062784232109137861e+01,1.929005788362580063e+02
-1.690139307790248324e+02,4.078535323171036708e+01,1.938767549150619516e+02
-1.692027766559311033e+02,4.092767296123709286e+01,1.948356575371701638e+02
-1.693887701081531816e+02,4.106442894167844315e+01,1.957767761331831196e+02
-1.695728427115282386e+02,4.119060169070022681e+01,1.966989640622934132e+02
-1.697544027956946593e+02,4.130826150218657489e+01,1.976014082921446402e+02
-1.699331027779024055e+02,4.141793118310975075e+01,1.984832469097371188e+02
-1.701090139839706694e+02,4.151805322514058361e+01,1.993435457456916424e+02
-1.702814035910244286e+02,4.161132974356544167e+01,2.001815799863964287e+02
-1.704506441053491983e+02,4.169556209577217487e+01,2.009964280650745820e+02
-1.706159834265143331e+02,4.177304063559123648e+01,2.017873920773950545e+02
-1.707773479651743571e+02,4.184299916968330990e+01,2.025536612810448105e+02
-1.709345900160072631e+02,4.190562344370054859e+01,2.032944901910259716e+02
-1.710870117634667906e+02,4.196292945529109630e+01,2.040092409941670724e+02
-1.712352641067484456e+02,4.201200384727465575e+01,2.046970795379289143e+02
-1.713781593177234868e+02,4.205664599749334798e+01,2.053575001146235479e+02
-1.715160212861169384e+02,4.209524394542275871e+01,2.059897800634541056e+02
-1.716485117997996497e+02,4.212828646727898274e+01,2.065933196416722240e+02
-1.717752315350680874e+02,4.215712975737735491e+01,2.071675847386246971e+02
-1.718960234270379317e+02,4.218173983243332259e+01,2.077120086788098661e+02
-1.720109016273901830e+02,4.220166612594604061e+01,2.082260348414682483e+02
-1.721194781317121567e+02,4.221813942112166274e+01,2.087092116242940847e+02
-1.722214825007358456e+02,4.223150218035766557e+01,2.091610789274194531e+02
-1.723167796784117343e+02,4.224204569060530190e+01,2.095812040763422885e+02
-1.724052021986083787e+02,4.225013458703984526e+01,2.099691890770165514e+02
-1.724864806125942778e+02,4.225612498218686142e+01,2.103246681716445607e+02
-1.725606252273977361e+02,4.226031691619040487e+01,2.106473027422205462e+02
-1.726274114527095094e+02,4.226307208569073737e+01,2.109367913193657671e+02
-1.726866728946656906e+02,4.226475132238906696e+01,2.111928645869403738e+02
-1.727382486477052908e+02,4.226564889211626053e+01,2.114152833461641023e+02
-1.727820900401892175e+02,4.226601096273927993e+01,2.116038385858870186e+02
-1.728180782905501758e+02,4.226603071380866083e+01,2.117583531405093993e+02
-1.728461425121788579e+02,4.226587320247705293e+01,2.118786818647563450e+02
-1.728662538792057148e+02,4.226567336630652250e+01,2.119647117523092561e+02
-1.728783211205602015e+02,4.226551243697373650e+01,2.120163619949198335e+02
-1.728822925034767763e+02,4.226544091513006407e+01,2.120335841215608070e+02
