-1.062482128223633708e+02,-2.043472338429189108e+02,1.443265409260019965e+02
-1.062568088898400873e+02,-2.043439873355362124e+02,1.443413474928748315e+02
-1.062825955789703727e+02,-2.043343107021094340e+02,1.443857670600782512e+02
-1.063254688277065156e+02,-2.043182177700803379e+02,1.444597985035221939e+02
-1.063852894824652822e+02,-2.042957897688156379e+02,1.445634396468771570e+02
-1.064618304631739107e+02,-2.042670849917508349e+02,1.446966877104316609e+02
-1.065548166465667350e+02,-2.042322038876866941e+02,1.448595382294310809e+02
-1.066637914922887234e+02,-2.041914455801333474e+02,1.450521025932299892e+02
-1.067882799571666226e+02,-2.041450833741599808e+02,1.452744547774956345e+02
-1.069276441720540163e+02,-2.040931835537604115e+02,1.455266524163845929e+02
-1.070814602796542374e+02,-2.040361920272258089e+02,1.458087170627007083e+02
-1.072493261339021160e+02,-2.039742663595841634e+02,1.461205330932545223e+02
-1.074305838026036639e+02,-2.039074950585700208e+02,1.464620600441782017e+02
-1.076246933838113620e+02,-2.038363666923793289e+02,1.468332789709816950e+02
-1.078308301702141421e+02,-2.037610199301196303e+02,1.472341770653266337e+02
-1.080483380895682330e+02,-2.036820124795441416e+02,1.476647431275216888e+02
-1.082765149113861440e+02,-2.035995920158240722e+02,1.481248599651899269e+02
-1.085148531485229029e+02,-2.035138132801707513e+02,1.486142140657364905e+02
-1.087631942427491794e+02,-2.034248674669185846e+02,1.491323150773304462e+02
-1.090206920548923790e+02,-2.033330865395386979e+02,1.496790413087975935e+02
-1.092853682400747886e+02,-2.032395195717451202e+02,1.502550479442484175e+02
-1.095580374117149205e+02,-2.031437445666469443e+02,1.508590469363333000e+02
-1.098384303310280501e+02,-2.030455592939636347e+02,1.514903527151477078e+02
-1.101231639527340036e+02,-2.029471556984567258e+02,1.521506054042772575e+02
-1.104145084844149380e+02,-2.028468814621711260e+02,1.528372861762087780e+02
-1.107105463473668721e+02,-2.027458487446440074e+02,1.535508787531120731e+02
-1.110100411023738616e+02,-2.026447994309233138e+02,1.542913682671020297e+02
-1.113144620198147834e+02,-2.025426252848455704e+02,1.550567329123181537e+02
-1.116194259810282148e+02,-2.024419939433078355e+02,1.558491344699486660e+02
-1.119292163553659520e+02,-2.023401195501452889e+02,1.566645140876845517e+02
-1.122373008357740076e+02,-2.022409636659988621e+02,1.575064995558492456e+02
-1.125493825142425806e+02,-2.021408458945822701e+02,1.583699669992641077e+02
-1.128586538390236171e+02,-2.020440394945180174e+02,1.592587344445273345e+02
-1.131689994125963494e+02,-2.019479208515514586e+02,1.601689051211047286e+02
-1.134781254926004550e+02,-2.018538232639399439e+02,1.611009970209599089e+02
-1.137855156409569588e+02,-2.017620168959662124e+02,1.620542543063502308e+02
-1.140933443666714169e+02,-2.016711053553182182e+02,1.630259870089668084e+02
-1.143938171656802467e+02,-2.015857781143957936e+02,1.640205540609678962e+02
-1.146983934567485761e+02,-2.014988045593956372e+02,1.650285979800649727e+02
-1.149902580567873969e+02,-2.014207274162350245e+02,1.660609441628456580e+02
-1.152843195292406477e+02,-2.013420373955249261e+02,1.671057071778997454e+02
-1.155713399207598115e+02,-2.012685081615995273e+02,1.681682692700190103e+02
-1.158525965030793969e+02,-2.011992365717733264e+02,1.692464683027770889e+02
-1.161339215478694769e+02,-2.011303963057311819e+02,1.703348589680747978e+02
-1.164005786463196728e+02,-2.010713138313041952e+02,1.714427470798256365e+02
-1.166683053321177681e+02,-2.010118651954469442e+02,1.725575712101909005e+02
-1.169254110381362324e+02,-2.009594784757972263e+02,1.736864500814664893e+02
-1.171761180865778869e+02,-2.009113555109869083e+02,1.748250610147580346e+02
-1.174247162154624959e+02,-2.008646288211830040e+02,1.759690199838535420e+02
-1.176575717542300055e+02,-2.008280761885989136e+02,1.771268577738165675e+02
-1.178900347143604534e+02,-2.007916550084316896e+02,1.782862155898366723e+02
-1.181300550269435377e+02,-2.007604434857256024e+02,1.795610240582285257e+02
-1.183363480804465979e+02,-2.007365905109924995e+02,1.806935427428054197e+02
-1.185378097905363433e+02,-2.007152187392623830e+02,1.818235684842983062e+02
-1.187237104118047171e+02,-2.007024956943170935e+02,1.829493663297317880e+02
-1.189083279956181514e+02,-2.006900069611841673e+02,1.840706759697702637e+02
-1.190799216200886548e+02,-2.006846187158428165e+02,1.851857078260636911e+02
-1.192444231070448097e+02,-2.006827076471844862e+02,1.862937222686444443e+02
-1.194048444496392705e+02,-2.006824580629151171e+02,1.873938117393830964e+02
-1.195505349551725089e+02,-2.006900129942181081e+02,1.884842725931396785e+02
-1.196943334197316204e+02,-2.006977630863523530e+02,1.895647933528293834e+02
-1.198263428347749056e+02,-2.007115445385699388e+02,1.906337297318177662e+02
-1.199521314916259769e+02,-2.007278671388301063e+02,1.916903660189967979e+02
-1.200723060686461707e+02,-2.007463580575305286e+02,1.927337006736147202e+02
-1.201815462456498267e+02,-2.007700572034835602e+02,1.937623973361532421e+02
-1.202888779777540122e+02,-2.007935860176149276e+02,1.947759789815144984e+02
-1.203830942867929537e+02,-2.008235246635046281e+02,1.957727888121073079e+02
-1.204748210413667522e+02,-2.008534150020525431e+02,1.967524783357438594e+02
-1.205575877753823164e+02,-2.008870081600057915e+02,1.977137037713524705e+02
-1.206354694216708054e+02,-2.009219207360479516e+02,1.986557592160167474e+02
-1.207065986778424218e+02,-2.009590972442676104e+02,1.995776112716788759e+02
-1.207719308913931542e+02,-2.009979163639619344e+02,2.004784101842080020e+02
-1.208317066984142087e+02,-2.010382335630864077e+02,2.013572831029443932e+02
-1.208858554462950110e+02,-2.010798967558032757e+02,2.022133650253757935e+02
-1.209348007659954192e+02,-2.011226668062354861e+02,2.030458371350883340e+02
-1.209790688712526219e+02,-2.011660921179360741e+02,2.038539135782615972e+02
-1.210179874743613055e+02,-2.012105453240638155e+02,2.046367586474404732e+02
-1.210536554870717509e+02,-2.012547301197112404e+02,2.053937256910163569e+02
-1.210835731199844076e+02,-2.013000585420215884e+02,2.061239221790011982e+02
-1.211107230454963428e+02,-2.013447085622111103e+02,2.068268052724575341e+02
-1.211338557719040665e+02,-2.013893648818872748e+02,2.075016089617727175e+02
-1.211534003987687527e+02,-2.014335997547700856e+02,2.081476969440024050e+02
-1.211703505966560073e+02,-2.014769270411817388e+02,2.087644874478126553e+02
-1.211843594463035743e+02,-2.015193370463184976e+02,2.093513563994148683e+02
-1.211955232436824730e+02,-2.015609445169237688e+02,2.099077254978048188e+02
-1.212045391548342224e+02,-2.016010339568087488e+02,2.104330939916883096e+02
-1.212116558610893122e+02,-2.016396090916601622e+02,2.109269536448989300e+02
-1.212169677126870226e+02,-2.016764074549725478e+02,2.113888272437657463e+02
-1.212207938772475728e+02,-2.017113880634826160e+02,2.118182733747652833e+02
-1.212233001887713755e+02,-2.017442170293372783e+02,2.122148833018321170e+02
-1.212247924229058782e+02,-2.017748277060205737e+02,2.125782800590761497e+02
-1.212255076620062084e+02,-2.018030678186937905e+02,2.129081186218491553e+02
-1.212254676272179381e+02,-2.018287001586798795e+02,2.132040797871069628e+02
-1.212250543445376394e+02,-2.018516982276900364e+02,2.134658883231489881e+02
-1.212243148454992365e+02,-2.018718331052516817e+02,2.136932931503038731e+02
-1.212234248528825304e+02,-2.018890550549012914e+02,2.138860783099059972e+02
-1.212225292176314753e+02,-2.019032269361842395e+02,2.140440629376787172e+02
-1.212218189466096590e+02,-2.019143525438977349e+02,2.141670990393718057e+02
-1.212212858144081480e+02,-2.019223340509803393e+02,2.142550670074544712e+02
-1.212209213770406535e+02,-2.019270860367163891e+02,2.143078816040564334e+02
-1.212208144251831925e+02,-2.019287027596883490e+02,2.143254920855077046e+02
