-2.811034357259915595e+01,-5.838570693916414456e+01,4.060591346300281401e+01
-2.810895944081028475e+01,-5.837784207304844841e+01,4.061723850331237884e+01
-2.810814089303908858e+01,-5.836807361714145514e+01,4.063128589180580974e+01
-2.810848162251515348e+01,-5.835614178394034468e+01,4.064841634703428497e+01
-2.811070449718845410e+01,-5.834240081351472185e+01,4.066810608302613872e+01
-2.811551492887595671e+01,-5.832715309634107115e+01,4.068990652233269145e+01
-2.812361048721076884e+01,-5.831070148165785128e+01,4.071336935194575801e+01
-2.813568617969725594e+01,-5.829338162313367633e+01,4.073800045776096823e+01
-2.815243811635634330e+01,-5.827558683757622759e+01,4.076322476477344736e+01
-2.817456718839373764e+01,-5.825779294797983709e+01,4.078835122372933597e+01
-2.820278405803696842e+01,-5.824058905777540218e+01,4.081252938760791693e+01
-2.823781715114194668e+01,-5.822472202253020157e+01,4.083468641306063063e+01
-2.828042671384422491e+01,-5.821116869535840976e+01,4.085342425947953870e+01
-2.833143166021341841e+01,-5.820126690730082686e+01,4.086683260044210186e+01
-2.839102557842304719e+01,-5.819355640434390153e+01,4.087699440716183119e+01
-2.845898979906082005e+01,-5.818476763213247693e+01,4.088856789941392123e+01
-2.853577486026595622e+01,-5.817483312212012692e+01,4.090163925754833940e+01
-2.862180915616473342e+01,-5.816369568813134805e+01,4.091627954568837566e+01
-2.871749619570959666e+01,-5.815130112687826625e+01,4.093255506828303680e+01
-2.882321354936045665e+01,-5.813759838554154413e+01,4.095052707054887975e+01
-2.893931187427136464e+01,-5.812253973894344483e+01,4.097025142627725813e+01
-2.906611402088746487e+01,-5.810608097904219704e+01,4.099177831014829110e+01
-2.920391422366108714e+01,-5.808818161907702660e+01,4.101515185236665673e+01
-2.935297737839717414e+01,-5.806880511550479440e+01,4.104040977528478606e+01
-2.951353840736423351e+01,-5.804791914967215405e+01,4.106758304058045894e+01
-2.968580171565588799e+01,-5.802549591609644608e+01,4.109669546998992473e+01
-2.986994074149510681e+01,-5.800151237348630673e+01,4.112776331041273892e+01
-3.006609759881163058e+01,-5.797595054386613356e+01,4.116079480720510730e+01
-3.027438281302489997e+01,-5.794879783117599459e+01,4.119578977059804714e+01
-3.049487514101073060e+01,-5.792004744416838236e+01,4.123273920238379731e+01
-3.072762144630701187e+01,-5.788969883712480424e+01,4.127162493969863988e+01
-3.097263667276203591e+01,-5.785775795152903811e+01,4.131241919009194419e+01
-3.122990391819924128e+01,-5.782423754292089058e+01,4.135508416082877403e+01
-3.149937458877700180e+01,-5.778915766181558666e+01,4.139957183929215034e+01
-3.178096862866933137e+01,-5.775254608035920967e+01,4.144582379098294211e+01
-3.207457481958631007e+01,-5.771443842806302627e+01,4.149377082025145569e+01
-3.238005115084527574e+01,-5.767487854683606940e+01,4.154333287476516290e+01
-3.269722525644517219e+01,-5.763391900234177001e+01,4.159441916662544969e+01
-3.302589489711951387e+01,-5.759162104722793885e+01,4.164692801867256833e+01
-3.336582851087169388e+01,-5.754805503344998385e+01,4.170074716900631984e+01
-3.371676582483527085e+01,-5.750330116428521876e+01,4.175575447393234185e+01
-3.407841846760900495e+01,-5.745744884755616511e+01,4.181181776205408340e+01
-3.445047066884141884e+01,-5.741059675102754056e+01,4.186879536898359788e+01
-3.483257997690086682e+01,-5.736285268201669396e+01,4.192653672890687488e+01
-3.522437799275660808e+01,-5.731433322843544431e+01,4.198488298329558432e+01
-3.562547120194149386e+01,-5.726516396962210820e+01,4.204366820322117348e+01
-3.603544180319932622e+01,-5.721547853186317667e+01,4.210271996395083249e+01
-3.645384885721272639e+01,-5.716541851107234606e+01,4.216186069145800985e+01
-3.688022932978817181e+01,-5.711513263290052578e+01,4.222090851106845122e+01
-3.731409916703396590e+01,-5.706477620929497618e+01,4.227967842779074203e+01
-3.775495439005090503e+01,-5.701451041278983922e+01,4.233798350100286001e+01
-3.820227221800791995e+01,-5.696450125453119284e+01,4.239563591676707688e+01
-3.865551227492251485e+01,-5.691491882951990533e+01,4.245244836269544209e+01
-3.911411777046467364e+01,-5.686593598585567833e+01,4.250823506440276134e+01
-3.957751680557804264e+01,-5.681772743120963298e+01,4.256281322059182060e+01
-4.004512362329865027e+01,-5.677046821710627711e+01,4.261600402944823429e+01
-4.051634000177793382e+01,-5.672433266326105894e+01,4.266763408015676617e+01
-4.099055658688556036e+01,-5.667949275886551419e+01,4.271753636886165850e+01
-4.146715436421363421e+01,-5.663611692448197488e+01,4.276555158027068160e+01
-4.194550608307882555e+01,-5.659436839303438660e+01,4.281152905628409400e+01
-4.242497780104233840e+01,-5.655440386663602936e+01,4.285532792366078070e+01
-4.290493028215610138e+01,-5.651637203932254749e+01,4.289681804955449707e+01
-4.338471919297249713e+01,-5.648041218582291378e+01,4.293588113518172378e+01
-4.386369518315591876e+01,-5.644665220156416297e+01,4.297241203730651193e+01
-4.434120525418152425e+01,-5.641520668534653282e+01,4.300632038082061115e+01
-4.481659435349678233e+01,-5.638617475990127303e+01,4.303753178248023659e+01
-4.528920706036142718e+01,-5.635963851140572700e+01,4.306598928424684658e+01
-4.575838939252230375e+01,-5.633566164506238749e+01,4.309165464687669811e+01
-4.622349064925786166e+01,-5.631428827629909506e+01,4.311450940438561474e+01
-4.668386533998612720e+01,-5.629554152863109096e+01,4.313455539789093507e+01
-4.713887508062147447e+01,-5.627942292876939234e+01,4.315181552954937416e+01
-4.758789048051199444e+01,-5.626591158015483529e+01,4.316633395577746057e+01
-4.803029286322741598e+01,-5.625496411123764062e+01,4.317817650267577534e+01
-4.846547718775300240e+01,-5.624654555301787440e+01,4.318738985305235900e+01
-4.889285977180743004e+01,-5.624082229370673502e+01,4.319375092976711272e+01
-4.931186715191086023e+01,-5.623800902960724102e+01,4.319696636011446600e+01
-4.972193713676140447e+01,-5.623825633228474885e+01,4.319681886425995287e+01
-5.012253335594437686e+01,-5.624165086982598893e+01,4.319316743982852103e+01
-5.051315485589031340e+01,-5.624821799938264633e+01,4.318594355236906779e+01
-5.089334424342131058e+01,-5.625792692964754593e+01,4.317514641732083902e+01
-5.126269498624601084e+01,-5.627069577931276001e+01,4.316083577557004958e+01
-5.162085641917027345e+01,-5.628639907196605918e+01,4.314312471215840361e+01
-5.196753502601498553e+01,-5.630487456769259325e+01,4.312217113930321943e+01
-5.230249121935145951e+01,-5.632593019583145377e+01,4.309816980448621848e+01
-5.262553235580567446e+01,-5.634935075370635360e+01,4.307134573218443307e+01
-5.293650414418567607e+01,-5.637490226797827120e+01,4.304194811013235267e+01
-5.323528221023732954e+01,-5.640233630083790217e+01,4.301024630648857539e+01
-5.352176340983751857e+01,-5.643139300263590741e+01,4.297652705378595783e+01
-5.379586442393041779e+01,-5.646180284941382865e+01,4.294109180591045316e+01
-5.405752483311108847e+01,-5.649328963133326909e+01,4.290425407995833496e+01
-5.430670963119558081e+01,-5.652557384680196151e+01,4.286633599267906192e+01
-5.454341113956459708e+01,-5.655837586272302531e+01,4.282766394844786362e+01
-5.476765046130041981e+01,-5.659141934594419610e+01,4.278856421833967261e+01
-5.497947856287164825e+01,-5.662443513862402256e+01,4.274935882178620972e+01
-5.517897704358860267e+01,-5.665716458388207855e+01,4.271036118663473502e+01
-5.536625863347919108e+01,-5.668936257003728940e+01,4.267187197816561195e+01
-5.554146745332155888e+01,-5.672080027534629210e+01,4.263417523240112672e+01
-5.570477906942859647e+01,-5.675126760092835099e+01,4.259753490033988754e+01
-5.585640035708642159e+01,-5.678057519866119662e+01,4.256219181926275752e+01
-5.599656919552149503e+01,-5.680855609170516374e+01,4.252836116871495165e+01
-5.612555401287769996e+01,-5.683506688250052719e+01,4.249623044165355878e+01
-5.624365319720372725e+01,-5.685998847649497634e+01,4.246595788877768740e+01
-5.635119438607046050e+01,-5.688322650628942512e+01,4.243767156530653040e+01
-5.644853364650165162e+01,-5.690471149542472062e+01,4.241146898160231871e+01
-5.653605455688655468e+01,-5.692439852159248659e+01,4.238741713503814879e+01
-5.661416719875309411e+01,-5.694226655254868064e+01,4.236555299608022551e+01
-5.668330706580118772e+01,-5.695831750172180818e+01,4.234588441558901906e+01
-5.674393389671261190e+01,-5.697357166153266661e+01,4.232704995541981674e+01
-5.679653043722380801e+01,-5.698916697394912489e+01,4.230752737714786349e+01
-5.684160113706550277e+01,-5.700487603612435805e+01,4.228763212460084020e+01
-5.687967078616807726e+01,-5.702049217768604450e+01,4.226765405787942598e+01
-5.691128309469604574e+01,-5.703583012518006257e+01,4.224785630736630537e+01
-5.693699922148376658e+01,-5.705072202430204698e+01,4.222848037406131994e+01
-5.695739625519858151e+01,-5.706501361036437459e+01,4.220975104007782619e+01
-5.697306565260432620e+01,-5.707856009083665327e+01,4.219188168354320823e+01
-5.698461163834998899e+01,-5.709122115228212380e+01,4.217508079762093587e+01
-5.699264957076391624e+01,-5.710285411754753682e+01,4.215956103757058315e+01
-5.699780427818889450e+01,-5.711330335531661717e+01,4.214555337283780290e+01
-5.700070837044475525e+01,-5.712238176703237258e+01,4.213333201025650965e+01
-5.700200053004995482e+01,-5.712983579260520628e+01,4.212326170127455782e+01
-5.700232378786770937e+01,-5.713586154834661102e+01,4.211509737641767970e+01
-5.700200053004995482e+01,-5.714187720170612295e+01,4.210692560505025028e+01
-5.700070837044475525e+01,-5.714929085195221603e+01,4.209682553523565929e+01
-5.699780427818889450e+01,-5.715827856189674350e+01,4.208453731597576564e+01
-5.699264957076393046e+01,-5.716856694433220554e+01,4.207041108406196628e+01
-5.698461163835007426e+01,-5.717994943553604514e+01,4.205470669846815923e+01
-5.697306565260511491e+01,-5.719225146157465645e+01,4.203764116595237255e+01
-5.695739625520396743e+01,-5.720531210934086630e+01,4.201941369997130948e+01
-5.693699922151263593e+01,-5.721897374199928521e+01,4.200022002453238201e+01
-5.691128309482373027e+01,-5.723307538190250909e+01,4.198026158763237703e+01
-5.687967078665215581e+01,-5.724744796099049893e+01,4.195975225971876910e+01
-5.684160113868205144e+01,-5.726191046231196680e+01,4.193892383943009605e+01
-5.679653044207779544e+01,-5.727626636268772842e+01,4.191803116458102352e+01
-5.674393391002332265e+01,-5.729029993801018605e+01,4.189735742078219971e+01
-5.668330709954273061e+01,-5.730377716171621216e+01,4.187721316712883635e+01
-5.661416727916975589e+01,-5.731781538241962437e+01,4.185606098021865762e+01
-5.653605473932778835e+01,-5.733341316593657666e+01,4.183252339497139616e+01
-5.644853404246259743e+01,-5.735056245950713105e+01,4.180660089076130959e+01
-5.635119521156143207e+01,-5.736923419699528637e+01,4.177832446577760095e+01
-5.624365485601209258e+01,-5.738937772179953356e+01,4.174775679439157727e+01
-5.612555723527771789e+01,-5.741092053594780253e+01,4.171499298311980652e+01
-5.599657526243618832e+01,-5.743376839663231692e+01,4.168016086556271205e+01
-5.585641145223205228e+01,-5.745780564437236393e+01,4.164342068529278151e+01
-5.570479881810407363e+01,-5.748289605362850807e+01,4.160496432032432068e+01
-5.554150172673109154e+01,-5.750888420260959322e+01,4.156501399851776313e+01
-5.536631672223315093e+01,-5.753559719700512431e+01,4.152382034744634609e+01
-5.517907333372229317e+01,-5.756284682584452383e+01,4.148165981061369223e+01
-5.497963488280797151e+01,-5.759043214376367104e+01,4.143883141233205691e+01
-5.476789930932842054e+01,-5.761814245345262009e+01,4.139565284961305736e+01
-5.454380004981486962e+01,-5.764576073632492381e+01,4.135245595225549664e+01
-5.430730699410062101e+01,-5.767306747915476706e+01,4.130958148709279243e+01
-5.405842755827462298e+01,-5.769984483223058902e+01,4.126737327769436803e+01
-5.379720792725583323e+01,-5.772588072417370597e+01,4.122617138820167781e+01
-5.352373453726055175e+01,-5.775097382257123257e+01,4.118630501543673006e+01
-5.323813590377299221e+01,-5.777493903673829578e+01,4.114808485635341384e+01
-5.294058496039441053e+01,-5.779761289611131758e+01,4.111179442485188673e+01
-5.263130190016345011e+01,-5.781885926250767938e+01,4.107768054325807583e+01
-5.231055244257439085e+01,-5.783857604567437960e+01,4.104594394688008663e+01
-5.197863849539290015e+01,-5.785670028281416677e+01,4.101673049457362197e+01
-5.163588862426252746e+01,-5.787321162362052718e+01,4.099012422384890897e+01
-5.128264788843712552e+01,-5.788813542863010753e+01,4.096614336055598216e+01
-5.091926884042628387e+01,-5.790154313520004337e+01,4.094473787045784263e+01
-5.054610586144347195e+01,-5.791355169810385206e+01,4.092578946072134016e+01
-5.016351369241718317e+01,-5.792432254391221136e+01,4.090911350652416445e+01
-4.977184955486060147e+01,-5.793405868572568096e+01,4.089446106468560060e+01
-4.937147742113189963e+01,-5.794300297480059214e+01,4.088152246350443164e+01
-4.896277316953742798e+01,-5.795143493643551125e+01,4.086993039449683351e+01
-4.854613114106846439e+01,-5.795966806425941797e+01,4.085926372483016422e+01
-4.812197586506177771e+01,-5.796804690787319458e+01,4.084905143606015088e+01
-4.769076050317254811e+01,-5.797684025842057309e+01,4.083892312933414104e+01
-4.725295301649378388e+01,-5.798609724041229896e+01,4.082881434925443642e+01
-4.680904114086592216e+01,-5.799582932489418141e+01,4.081870728856993935e+01
-4.635953239524580027e+01,-5.800604064306759966e+01,4.080858880927549848e+01
-4.590495292641335112e+01,-5.801672778057120894e+01,4.079844970148551653e+01
-4.544584634366946574e+01,-5.802788058339599786e+01,4.078828460378326071e+01
-4.498277265511126899e+01,-5.803948220646223177e+01,4.077809130693418638e+01
-4.451630705423523438e+01,-5.805151004800171677e+01,4.076787057977774964e+01
-4.404703874384776441e+01,-5.806393625009469162e+01,4.075762558373488531e+01
-4.357556953716407122e+01,-5.807672843628903792e+01,4.074736135099552570e+01
-4.310251247332482905e+01,-5.808985010302340157e+01,4.073708392691059998e+01
-4.262849018694810610e+01,-5.810326183438219516e+01,4.072680001263223204e+01
-4.215413317272197702e+01,-5.811692224891240244e+01,4.071651636015498354e+01
-4.168007659385498442e+01,-5.813078893410190773e+01,4.070623928373312594e+01
-4.120695723202130978e+01,-5.814481911237537304e+01,4.069597467718060813e+01
-4.073541151353141032e+01,-5.815896986684735737e+01,4.068572812456246623e+01
-4.026607376647192638e+01,-5.817319856798707178e+01,4.067550518240491186e+01
-3.979957431900927389e+01,-5.818746309943442441e+01,4.066531152581774222e+01
-3.933653771245065656e+01,-5.820172232760217668e+01,4.065515326552369402e+01
-3.887758077861168715e+01,-5.821593621241893857e+01,4.064503701056025875e+01
-3.842331084557635990e+01,-5.823006627354389764e+01,4.063497017242687548e+01
-3.797432382795113881e+01,-5.824407557902951282e+01,4.062496092564216355e+01
-3.753120246684493111e+01,-5.825792922409058150e+01,4.061501849783456919e+01
-3.709451446608295555e+01,-5.827159415275892940e+01,4.060515298677753293e+01
-3.666481080694541106e+01,-5.828503968030802440e+01,4.059537565031541106e+01
-3.624262396571916867e+01,-5.829823712139910441e+01,4.058569855648760694e+01
-3.582846633484560073e+01,-5.831116037156967025e+01,4.057613488164347615e+01
-3.542282856659606693e+01,-5.832378538384893574e+01,4.056669842374008539e+01
-3.502617818351313161e+01,-5.833609068301410616e+01,4.055740382033692271e+01
-3.463895824091706288e+01,-5.834805696383981655e+01,4.054826605632812431e+01
-3.426158596104377807e+01,-5.835966734264211908e+01,4.053930035699402623e+01
-3.389445139703350662e+01,-5.837090737473596391e+01,4.053052194097409000e+01
-3.353791616709816736e+01,-5.838176466337051806e+01,4.052194553075175776e+01
-3.319231235862831397e+01,-5.839222912878714311e+01,4.051358536344650929e+01
-3.285794147922228348e+01,-5.840229266483399329e+01,4.050545481756404342e+01
-3.253507356328719879e+01,-5.841194952211507285e+01,4.049756658375788021e+01
-3.222394638791042354e+01,-5.842119634462881095e+01,4.048993263241651164e+01
-3.192476477373454458e+01,-5.843003134180385416e+01,4.048256361686453886e+01
-3.163770002740420750e+01,-5.843845436939721338e+01,4.047546893840378601e+01
-3.136288949201582454e+01,-5.844646683365573381e+01,4.046865671612706450e+01
-3.110043620183428459e+01,-5.845407135201597981e+01,4.046213361141677467e+01
-3.085040865210165606e+01,-5.846127174341206967e+01,4.045590489969068670e+01
-3.061284067539843079e+01,-5.846807305372526287e+01,4.044997458084486652e+01
-3.038773141977136305e+01,-5.847448125349938408e+01,4.044434527311006633e+01
-3.017504542858760885e+01,-5.848050312936724993e+01,4.043901824715270266e+01
-2.997471279986820747e+01,-5.848614627226400131e+01,4.043399353072260993e+01
-2.978662942866961671e+01,-5.849141905942703801e+01,4.042927002233320621e+01
-2.961065737628439720e+01,-5.849633044347535815e+01,4.042484547762815339e+01
-2.944662533340500943e+01,-5.850088988081365216e+01,4.042071657927028383e+01
-2.929432916855416380e+01,-5.850510729334786220e+01,4.041687901405500583e+01
-2.915353255951775324e+01,-5.850899304822510771e+01,4.041332754654617787e+01
-2.902396770539716542e+01,-5.851255796356367256e+01,4.041005609514582630e+01
-2.890533611984702489e+01,-5.851581324650018701e+01,4.040705774683920737e+01
-2.879730950014018731e+01,-5.851877047494241424e+01,4.040432478903407798e+01
-2.869953067032463778e+01,-5.852144160168516152e+01,4.040184874572867813e+01
-2.861161459637930093e+01,-5.852383896154401555e+01,4.039962040717009017e+01
-2.853314947041529237e+01,-5.852597527996587701e+01,4.039762985492885861e+01
-2.846369786070024688e+01,-5.852786368147901896e+01,4.039586648454191220e+01
-2.840279631164133178e+01,-5.852951032258356179e+01,4.039432973461290999e+01
-2.834926646969170960e+01,-5.852775849333142588e+01,4.039761131081844070e+01
-2.830229913493262472e+01,-5.852123849895588137e+01,4.040770567142683234e+01
-2.826167004045465703e+01,-5.851134789706322437e+01,4.042258649596661968e+01
-2.822705868549765640e+01,-5.849913152407075501e+01,4.044073979878086789e+01
-2.819807810477415799e+01,-5.848541150707297476e+01,4.046097660910000116e+01
-2.817429193973784507e+01,-5.847085855528664666e+01,4.048232996300122721e+01
-2.815522553053851951e+01,-5.845603550444876362e+01,4.050399172960556626e+01
-2.814037408150500497e+01,-5.844142720229894650e+01,4.052526905117606049e+01
-2.812920958313335262e+01,-5.842746451245926664e+01,4.054554923845797987e+01
-2.812118777892890975e+01,-5.841454839365086826e+01,4.056426457008368658e+01
-2.811575679758569990e+01,-5.840308153449166895e+01,4.058084624141424257e+01
-2.811237015990849031e+01,-5.839352002731049396e+01,4.059464949381980858e+01
-2.811034357259915595e+01,-5.838570693916414456e+01,4.060591346300281401e+01
