-2.626377429935315178e+01,-7.911605900345418263e+01,5.785134135920696963e+01
-2.626444391969778991e+01,-7.910786743294885071e+01,5.786246751648411646e+01
-2.626615918632091251e+01,-7.909773156610948774e+01,5.787613094600649788e+01
-2.626956953234814662e+01,-7.908540816338565094e+01,5.789258859769758914e+01
-2.627529282720610482e+01,-7.907129448832304774e+01,5.791122523547509360e+01
-2.628394320608765966e+01,-7.905573346641857313e+01,5.793150074958735019e+01
-2.629612705180846532e+01,-7.903906809661552302e+01,5.795287641346756402e+01
-2.631243988268671430e+01,-7.902167499677480578e+01,5.797476961857835676e+01
-2.633346359778365198e+01,-7.900399009469217049e+01,5.799651934922528085e+01
-2.635976375292131380e+01,-7.898653425249715099e+01,5.801735177721848657e+01
-2.639188660864200386e+01,-7.896994501719264292e+01,5.803633752865833628e+01
-2.643035561084023044e+01,-7.895502257911536503e+01,5.805232959861759667e+01
-2.647566668556639158e+01,-7.894280458372436726e+01,5.806386194065541417e+01
-2.652828098228188836e+01,-7.893470201163525246e+01,5.806896480575898778e+01
-2.658876261059028323e+01,-7.892921225094684701e+01,5.806961509867230831e+01
-2.665773351149210768e+01,-7.892295074028875490e+01,5.807033699689321793e+01
-2.673565136776292306e+01,-7.891586425821600415e+01,5.807114256734503499e+01
-2.682294905671938778e+01,-7.890790884247518022e+01,5.807203237848782607e+01
-2.692003377072866144e+01,-7.889904210622971448e+01,5.807300591443943460e+01
-2.702728587716827491e+01,-7.888922332626482614e+01,5.807406147342967273e+01
-2.714505784990192794e+01,-7.887841354055589704e+01,5.807519606612097363e+01
-2.727367327537115216e+01,-7.886657565532831882e+01,5.807640531408265616e+01
-2.741342593631466684e+01,-7.885367456250155271e+01,5.807768334947398614e+01
-2.756457897589216088e+01,-7.883967726818441690e+01,5.807902271704652719e+01
-2.772736414737874355e+01,-7.882455304931229989e+01,5.808041429194123850e+01
-2.790198115781353394e+01,-7.880827367704128505e+01,5.808184724294048351e+01
-2.808859708476580153e+01,-7.879081356026404137e+01,5.808330893467929457e+01
-2.828734588469531275e+01,-7.877214991383772258e+01,5.808478484772858508e+01
-2.849832799509669101e+01,-7.875226295303684765e+01,5.808625851995853395e+01
-2.872161004035017484e+01,-7.873113614746274891e+01,5.808771153609885829e+01
-2.895722465917772226e+01,-7.870875659257885104e+01,5.808912360853914691e+01
-2.920517038158937950e+01,-7.868511514720458422e+01,5.809047249105862676e+01
-2.946541161042214085e+01,-7.866020663520765765e+01,5.809173395138574847e+01
-2.973787873455724551e+01,-7.863403021188379682e+01,5.809288188136371645e+01
-3.002246835700614724e+01,-7.860658980410069319e+01,5.809388848177933795e+01
-3.031904353968139887e+01,-7.857789415192173976e+01,5.809472417696829893e+01
-3.062743420260477478e+01,-7.854795709115680324e+01,5.809535773558886262e+01
-3.094743769433939207e+01,-7.851679812985942419e+01,5.809575664149002705e+01
-3.127881931925334769e+01,-7.848444241094641427e+01,5.809588704749082666e+01
-3.162131303518502889e+01,-7.845092094001736882e+01,5.809571396577604219e+01
-3.197462233618395189e+01,-7.841627113262052262e+01,5.809520173941047005e+01
-3.233842102889076386e+01,-7.838053657133109198e+01,5.809431397668442543e+01
-3.271235428686331659e+01,-7.834376738603450008e+01,5.809301399752940398e+01
-3.309603973192102444e+01,-7.830602038945635002e+01,5.809126515199078256e+01
-3.348906849770386884e+01,-7.826735879011431507e+01,5.808903088006935889e+01
-3.389100660593026504e+01,-7.822785259579262629e+01,5.808627533960608247e+01
-3.430139611118500653e+01,-7.818757806521068687e+01,5.808296338641466150e+01
-3.471975656402312893e+01,-7.814661791202011898e+01,5.807906118643873583e+01
-3.514558632567217700e+01,-7.810506079977652405e+01,5.807453637961500448e+01
-3.557836408558422647e+01,-7.806300106823968576e+01,5.806935847868590628e+01
-3.601755038400592213e+01,-7.802053831081219926e+01,5.806349921447012008e+01
-3.646258914592316813e+01,-7.797777674870712872e+01,5.805693278178549832e+01
-3.691290934347730968e+01,-7.793482477674666598e+01,5.804963625870970390e+01
-3.736792655334252800e+01,-7.789179409325191727e+01,5.804158975456701341e+01
-3.782704470021959509e+01,-7.784879912911414124e+01,5.803277681061463511e+01
-3.828965764187224607e+01,-7.780595603812285788e+01,5.802318449468871364e+01
-3.875515094579198916e+01,-7.776338198280558345e+01,5.801280372685414477e+01
-3.922290349687373379e+01,-7.772119406071483638e+01,5.800162933736035598e+01
-3.969228927111706895e+01,-7.767950846694071743e+01,5.798966029014415113e+01
-4.016267895506489083e+01,-7.763843941752168121e+01,5.797689970625591371e+01
-4.063344169049088350e+01,-7.759809824147789925e+01,5.796335498021958443e+01
-4.110394671642923470e+01,-7.755859235185369016e+01,5.794903775946033164e+01
-4.157356534862710618e+01,-7.752002435267344538e+01,5.793396390780584682e+01
-4.204167287325840618e+01,-7.748249118539774827e+01,5.791815328907440374e+01
-4.250765023218232841e+01,-7.744608342660914957e+01,5.790162954535366424e+01
-4.297088559103156769e+01,-7.741088460154240636e+01,5.788441981778063905e+01
-4.343077591290347783e+01,-7.737697062062595421e+01,5.786655448921388967e+01
-4.388672845336125761e+01,-7.734440925640556941e+01,5.784806688483505610e+01
-4.433816224923801741e+01,-7.731325974792277123e+01,5.782899299367898749e+01
-4.478450954139204043e+01,-7.728357249470685986e+01,5.780937118054347934e+01
-4.522521718885908371e+01,-7.725538881748637721e+01,5.778924186836189136e+01
-4.565974803899020174e+01,-7.722874093022232955e+01,5.776864729530241505e+01
-4.608758229296532249e+01,-7.720365179472101147e+01,5.774763109467255617e+01
-4.650821859966492866e+01,-7.718016576860405564e+01,5.772619774170777873e+01
-4.692117410321537108e+01,-7.715853490823084826e+01,5.770406277550404184e+01
-4.732598827725362867e+01,-7.713907098461154987e+01,5.768085136398703838e+01
-4.772222417800530536e+01,-7.712203614274814356e+01,5.765624327416341544e+01
-4.810946706006774320e+01,-7.710764227170997742e+01,5.762997567883097361e+01
-4.848732385385464028e+01,-7.709605004823639263e+01,5.760184366918290522e+01
-4.885542295454092709e+01,-7.708736962416108440e+01,5.757170078604885788e+01
-4.921341408301090325e+01,-7.708166145578721284e+01,5.753945847055380369e+01
-4.956096850514924768e+01,-7.707893744576135475e+01,5.750508457338180790e+01
-4.989777999643499840e+01,-7.707916362934733456e+01,5.746860179598139950e+01
-5.022356650467359174e+01,-7.708226226349603394e+01,5.743008437916969200e+01
-5.053807251976526516e+01,-7.708811544307828001e+01,5.738965456564954337e+01
-5.084107163772795701e+01,-7.709656933611542229e+01,5.734747820731321610e+01
-5.113236889578080024e+01,-7.710743818675116756e+01,5.730375907080747311e+01
-5.141180309794332004e+01,-7.712050967390199219e+01,5.725873321251309278e+01
-5.167924754252265274e+01,-7.713555037027535377e+01,5.721266286410061497e+01
-5.193460971782605640e+01,-7.715231065740508143e+01,5.716582996240405379e+01
-5.217783106035388840e+01,-7.717052997292542216e+01,5.711853018829837225e+01
-5.240888674612311604e+01,-7.718994190886594708e+01,5.707106724670486386e+01
-5.262778545424345111e+01,-7.721027872075302412e+01,5.702374715661446913e+01
-5.283456909724059614e+01,-7.723127538785806223e+01,5.697687274972840754e+01
-5.302931254383465642e+01,-7.725267375391395319e+01,5.693073885536456658e+01
-5.321212328436902084e+01,-7.727422612872534557e+01,5.688562778982288393e+01
-5.338314103510523267e+01,-7.729569837092675755e+01,5.684180523019854547e+01
-5.354253728139649127e+01,-7.731687250946465895e+01,5.679951656561419071e+01
-5.369051475819274799e+01,-7.733754893261863117e+01,5.675898378211644513e+01
-5.382730687184508866e+01,-7.735754825089161102e+01,5.672040297848597845e+01
-5.395317704777852441e+01,-7.737671263669562904e+01,5.668394237180961426e+01
-5.406841800721396396e+01,-7.739490672422438422e+01,5.664974084290990675e+01
-5.417335097316018988e+01,-7.741201810276079698e+01,5.661790702026156197e+01
-5.426832480560796057e+01,-7.742795742748256771e+01,5.658851888091643900e+01
-5.435371506612036541e+01,-7.744265817037106103e+01,5.656162383391886550e+01
-5.442992301262685118e+01,-7.745607603860113954e+01,5.653723924475508511e+01
-5.449737453005445786e+01,-7.746818816559068921e+01,5.651535340740896629e+01
-5.455651899378513292e+01,-7.747995550556400701e+01,5.649460550237580492e+01
-5.460782806953707080e+01,-7.749245238822203419e+01,5.647347656959306761e+01
-5.465179445330070962e+01,-7.750543269089733656e+01,5.645225761619587956e+01
-5.468893055449886020e+01,-7.751866964314764630e+01,5.643121388684205186e+01
-5.471976712569817636e+01,-7.753195648899603043e+01,5.641058378347852198e+01
-5.474485184237359192e+01,-7.754510266735177026e+01,5.639058393515951906e+01
-5.476474783644035682e+01,-7.755793014104763472e+01,5.637141407816029925e+01
-5.478003218740860092e+01,-7.757026945252118821e+01,5.635326233221837100e+01
-5.479129437514225032e+01,-7.758195493753017047e+01,5.633631166076119712e+01
-5.479913469831682704e+01,-7.759281815422565387e+01,5.632074881866355298e+01
-5.480416266277096327e+01,-7.760267769080130051e+01,5.630677832402485450e+01
-5.480699534403432693e+01,-7.761132131095634179e+01,5.629464703012055082e+01
-5.480825572839216875e+01,-7.761847215363948749e+01,5.628469072547046892e+01
-5.480857103691166543e+01,-7.762428836239321583e+01,5.627664499172626478e+01
-5.480825572839216875e+01,-7.763012665846726179e+01,5.626861527101499405e+01
-5.480699534403432693e+01,-7.763736579981991781e+01,5.625872298180365050e+01
-5.480416266277096327e+01,-7.764620792097721846e+01,5.624673559866067052e+01
-5.479913469831682704e+01,-7.765641997104999916e+01,5.623302067192928178e+01
-5.479129437514223611e+01,-7.766783333013685819e+01,5.621785667623286287e+01
-5.478003218740843749e+01,-7.768031002976194088e+01,5.620147962554572274e+01
-5.476474783643928390e+01,-7.769372495100853371e+01,5.618410768333049532e+01
-5.474485184236781521e+01,-7.770795571473965424e+01,5.616595519417889903e+01
-5.471976712567259682e+01,-7.772287622067806012e+01,5.614724171132365882e+01
-5.468893055440189954e+01,-7.773835199575563593e+01,5.612819855447718709e+01
-5.465179445297692240e+01,-7.775423640593696462e+01,5.610907419928663131e+01
-5.460782806856483518e+01,-7.777036715952623069e+01,5.609013928381914127e+01
-5.455651899111894210e+01,-7.778656267636961275e+01,5.607169181531721591e+01
-5.449737452329568299e+01,-7.780262290854682306e+01,5.605405620500531683e+01
-5.442992299651798049e+01,-7.781965744669646767e+01,5.603573905766059227e+01
-5.435371502957278267e+01,-7.783866083471016850e+01,5.601540390828692750e+01
-5.426832472628351667e+01,-7.785965130678266632e+01,5.599306885346305052e+01
-5.417335080777831280e+01,-7.788262612742552449e+01,5.596878139726002388e+01
-5.406841767486453421e+01,-7.790756091750296264e+01,5.594261952527091353e+01
-5.395317640211906962e+01,-7.793440933386489178e+01,5.591469242535561079e+01
-5.382730565616428464e+01,-7.796310306300540560e+01,5.588514075825251837e+01
-5.369051253480803609e+01,-7.799355215874774672e+01,5.585413644067519812e+01
-5.354253332361448514e+01,-7.802564574849574797e+01,5.582188191080528838e+01
-5.338313416591012839e+01,-7.805925311928785959e+01,5.578860884953790844e+01
-5.321211164102844293e+01,-7.809422517233738859e+01,5.575457632933908769e+01
-5.302929324164127678e+01,-7.813039616949454569e+01,5.572006833216057942e+01
-5.283453775855069523e+01,-7.816758596313351859e+01,5.568539078651102159e+01
-5.262773556069250702e+01,-7.820560257883361999e+01,5.565086806146137377e+01
-5.240880876215397421e+01,-7.824424508185020954e+01,5.561683891872806385e+01
-5.217771126451149399e+01,-7.828330661248291733e+01,5.558365191103376191e+01
-5.193442866381532497e+01,-7.832257749729144791e+01,5.555166025059914148e+01
-5.167897805315300985e+01,-7.836184897758249690e+01,5.552121664129382594e+01
-5.141140766887534141e+01,-7.840091691784390093e+01,5.549266775033550658e+01
-5.113179634716794908e+01,-7.843958523642450587e+01,5.546634828835948383e+01
-5.084025279104717754e+01,-7.847766938387442792e+01,5.544257510238453790e+01
-5.053691468660666430e+01,-7.851500022179649818e+01,5.542164172720741533e+01
-5.022194860474561295e+01,-7.855142715948026932e+01,5.540381267732399095e+01
-4.989555129443766646e+01,-7.858682097519161402e+01,5.538931749035303653e+01
-4.955795095704360165e+01,-7.862107757646744233e+01,5.537834534868854064e+01
-4.920940844973188888e+01,-7.865412090707511084e+01,5.537103913793522025e+01
-4.885021812615642745e+01,-7.868590578503710731e+01,5.536748961485923815e+01
-4.848070795463549132e+01,-7.871642148444136922e+01,5.536773049808657277e+01
-4.810123858311693823e+01,-7.874569379592514906e+01,5.537173322114107776e+01
-4.771220168298440001e+01,-7.877378768615470506e+01,5.537940317981264826e+01
-4.731401775484677330e+01,-7.880080907078303198e+01,5.539057670076048367e+01
-4.690713366734318157e+01,-7.882690554790458748e+01,5.540501880645440025e+01
-4.649201993765107943e+01,-7.885226744276718591e+01,5.542242285985454942e+01
-4.606916684540733797e+01,-7.887712625083005946e+01,5.544241146151320976e+01
-4.563908329407981057e+01,-7.890165087584325931e+01,5.546468545604191291e+01
-4.520229799480822663e+01,-7.892580442179094291e+01,5.548922612672470933e+01
-4.475935688652756284e+01,-7.894952386901208286e+01,5.551604071138187635e+01
-4.431082145457064314e+01,-7.897274902027041321e+01,5.554512074369309005e+01
-4.385726726873505754e+01,-7.899542296615580028e+01,5.557644226425386336e+01
-4.339928246745954965e+01,-7.901749215515422975e+01,5.560996592383121140e+01
-4.293746618853791830e+01,-7.903890672062712497e+01,5.564563744256659561e+01
-4.247242699975304703e+01,-7.905962060144713632e+01,5.568338809903743680e+01
-4.200478128166718506e+01,-7.907959178490078500e+01,5.572313547584695925e+01
-4.153515164571186347e+01,-7.909878242840633789e+01,5.576478428232837103e+01
-4.106416529842267948e+01,-7.911715903388902404e+01,5.580822736568815401e+01
-4.059245247329302941e+01,-7.913469253944489878e+01,5.585334680164892518e+01
-4.012064481362760660e+01,-7.915135841128088146e+01,5.590001510465959456e+01
-3.964937409803643931e+01,-7.916713670800511693e+01,5.594809646058833863e+01
-3.917927083030047442e+01,-7.918201214961273138e+01,5.599744790250938564e+01
-3.871096270852571308e+01,-7.919597426807840179e+01,5.604792056226770569e+01
-3.824507291346940008e+01,-7.920901738580116103e+01,5.609936085567831299e+01
-3.778221858154508084e+01,-7.922114074227235392e+01,5.615161181539888702e+01
-3.732300908643474457e+01,-7.923234831247295062e+01,5.620451423391673984e+01
-3.686804454902030415e+01,-7.924264890296383612e+01,5.625790801717525369e+01
-3.641791413099139163e+01,-7.925205580616203349e+01,5.631163322470060706e+01
-3.597319458671517367e+01,-7.926058685470636078e+01,5.636553137954430781e+01
-3.553444859576910630e+01,-7.926826393558808093e+01,5.641944636748748110e+01
-3.510222335648599312e+01,-7.927511297755610542e+01,5.647322563305694842e+01
-3.467704899628440529e+01,-7.928116338933078566e+01,5.652672093418675558e+01
-3.425943719594927472e+01,-7.928644791723411345e+01,5.657978933427398260e+01
-3.384987973181435450e+01,-7.929100213247728846e+01,5.663229386050166880e+01
-3.344884711126816512e+01,-7.929486407124696257e+01,5.668410419325477534e+01
-3.305678729107165736e+01,-7.929807393639030977e+01,5.673509731894899488e+01
-3.267412428441142680e+01,-7.930067336551235258e+01,5.678515779916874351e+01
-3.230125710570749931e+01,-7.930270540013812308e+01,5.683417845551543479e+01
-3.193855850209144265e+01,-7.930421359400358483e+01,5.688206033676526374e+01
-3.158637401399646194e+01,-7.930524199062776347e+01,5.692871320517233613e+01
-3.124502094702976152e+01,-7.930583456010540999e+01,5.697405553398292710e+01
-3.091478741508651140e+01,-7.930603466937684232e+01,5.701801442978863577e+01
-3.059593161275686057e+01,-7.930588512810285806e+01,5.706052587420328592e+01
-3.028868096500228901e+01,-7.930542749484315834e+01,5.710153434536597672e+01
-2.999323147807492518e+01,-7.930470188402203746e+01,5.714099271667024027e+01
-2.970974721750146230e+01,-7.930374697055908939e+01,5.717886222312480271e+01
-2.943835974163983948e+01,-7.930259946850318897e+01,5.721511198154366440e+01
-2.917916770785555158e+01,-7.930129400162422826e+01,5.724971873357964824e+01
-2.893223661328778462e+01,-7.929986320555940438e+01,5.728266670528497428e+01
-2.869759853971827468e+01,-7.929833743574000948e+01,5.731394713981175215e+01
-2.847525202058109883e+01,-7.929674464051143445e+01,5.734355791470625974e+01
-2.826516203144162986e+01,-7.929511040489170171e+01,5.737150325599100853e+01
-2.806726008374759473e+01,-7.929345804442219503e+01,5.739779346855496556e+01
-2.788144437233426487e+01,-7.929180848333508891e+01,5.742244449468189060e+01
-2.770758003417410720e+01,-7.929018028036274757e+01,5.744547757201780058e+01
-2.754549950601445829e+01,-7.928858970276088769e+01,5.746691892692724934e+01
-2.739500297820066521e+01,-7.928705083173109358e+01,5.748679949555832280e+01
-2.725585893944061766e+01,-7.928557567244202176e+01,5.750515465663947623e+01
-2.712780479839768333e+01,-7.928417418742081679e+01,5.752202391966323347e+01
-2.701054760253654408e+01,-7.928285439552466585e+01,5.753745067333379382e+01
-2.690376484407995861e+01,-7.928162248490124853e+01,5.755148195796240174e+01
-2.680710534878789630e+01,-7.928048292768484373e+01,5.756416825322440900e+01
-2.672019024480518823e+01,-7.927943859559766793e+01,5.757556328030076287e+01
-2.664261400862597640e+01,-7.927849087578624676e+01,5.758572381695649511e+01
-2.657394558526523198e+01,-7.927763978820254920e+01,5.759470952507798103e+01
-2.651372990778336813e+01,-7.927687640115259171e+01,5.760259334812565868e+01
-2.646162987993840332e+01,-7.927288668073663302e+01,5.761398112651133374e+01
-2.641720693739087977e+01,-7.926422074128156225e+01,5.763091970049272561e+01
-2.637987868891267240e+01,-7.925231851100492975e+01,5.765149303640632894e+01
-2.634905953324608774e+01,-7.923825105218639919e+01,5.767429328859536497e+01
-2.632415638011312353e+01,-7.922285590654961140e+01,5.769823564992204723e+01
-2.630456701370929196e+01,-7.920681138245002728e+01,5.772245645774033562e+01
-2.628967972412756993e+01,-7.919068200549419601e+01,5.774625063500034372e+01
-2.627887357918442035e+01,-7.917494978428602792e+01,5.776902849828307751e+01
-2.627151898818721065e+01,-7.916003937889615827e+01,5.779028091310669168e+01
-2.626697828948323732e+01,-7.914634337010740239e+01,5.780954435298292537e+01
-2.626460602578090686e+01,-7.913425542198606877e+01,5.782635524589002785e+01
-2.626374834908597578e+01,-7.912422435343256666e+01,5.784017587346471601e+01
-2.626377429935315178e+01,-7.911605900345418263e+01,5.785134135920696963e+01
