-2.434981800040120703e+01,-6.757150704252633489e+01,-9.522769109739256521e+01
-2.434862203953130333e+01,-6.758281464200310040e+01,-9.521973386907789916e+01
-2.434803705786065819e+01,-6.759681118317726600e+01,-9.520983116101363919e+01
-2.434866285833811617e+01,-6.761383608718148253e+01,-9.519770629841463006e+01
-2.435121372341603063e+01,-6.763334491555522732e+01,-9.518370337760750033e+01
-2.435638771913474088e+01,-6.765486850989213963e+01,-9.516811413960118671e+01
-2.436487505554379140e+01,-6.767793807955376906e+01,-9.515123078287228964e+01
-2.437736259041443176e+01,-6.770203913066669088e+01,-9.513337856404542947e+01
-2.439453689613201703e+01,-6.772657627445964579e+01,-9.511494079600096541e+01
-2.441708734035098871e+01,-6.775083816196034547e+01,-9.509638379311667222e+01
-2.444571033515136449e+01,-6.777395399285083499e+01,-9.507828777016150923e+01
-2.448111626027715459e+01,-6.779483043831045563e+01,-9.506139153584773283e+01
-2.452404178456792039e+01,-6.781204875765273243e+01,-9.504666519033790451e+01
-2.457527357102204135e+01,-6.782367763768782254e+01,-9.503544207973133950e+01
-2.463503941068473324e+01,-6.783178179449572553e+01,-9.502623465909411493e+01
-2.470319772216570797e+01,-6.784100394561782821e+01,-9.501573311434351865e+01
-2.478019978186941330e+01,-6.785141275302490271e+01,-9.500385625995680527e+01
-2.486647431805954156e+01,-6.786306221659205562e+01,-9.499053342061935723e+01
-2.496242492705762217e+01,-6.787600206081359033e+01,-9.497569708183857529e+01
-2.506842900066775925e+01,-6.789027746942637975e+01,-9.495928308141418484e+01
-2.518483673014083379e+01,-6.790592880245826279e+01,-9.494123080179720375e+01
-2.531197019196538633e+01,-6.792299130598132706e+01,-9.492148338367708504e+01
-2.545012251822438643e+01,-6.794149481259070456e+01,-9.489998796269443915e+01
-2.559955715396957032e+01,-6.796146343067363205e+01,-9.487669592956758891e+01
-2.576050720406843197e+01,-6.798291522261477837e+01,-9.485156321493847997e+01
-2.593317487344014083e+01,-6.800586188130914422e+01,-9.482455061112626993e+01
-2.611773100915365120e+01,-6.803030843847845688e+01,-9.479562417449504608e+01
-2.631431472417474282e+01,-6.805625290941551953e+01,-9.476475557036717134e+01
-2.652303311615314740e+01,-6.808368593752409481e+01,-9.473192244194488865e+01
-2.674396107694348856e+01,-6.811259045568125714e+01,-9.469710881758250309e+01
-2.697714117511938170e+01,-6.814294140811675504e+01,-9.466030559342991069e+01
-2.722258364582847179e+01,-6.817470553864944804e+01,-9.462151106334501094e+01
-2.748026644758808246e+01,-6.820784106821035664e+01,-9.458073124788910491e+01
-2.775013541741755674e+01,-6.824229746467460700e+01,-9.453798029496743993e+01
-2.803210454238566740e+01,-6.827801538478216514e+01,-9.449328104294987440e+01
-2.832605628661637454e+01,-6.831492659504107223e+01,-9.444666545787916334e+01
-2.863184194941995031e+01,-6.835295380839068002e+01,-9.439817483745453330e+01
-2.894928215780426228e+01,-6.839201080519613640e+01,-9.434786027102583716e+01
-2.927816742507318182e+01,-6.843200263898357605e+01,-9.429578305793492632e+01
-2.961825868051102617e+01,-6.847282565173449598e+01,-9.424201468571045837e+01
-2.996928796572636955e+01,-6.851436790234332364e+01,-9.418663718268726370e+01
-3.033095914094823442e+01,-6.855650958020294183e+01,-9.412974323718297853e+01
-3.070294857022555846e+01,-6.859912332359404274e+01,-9.407143596002323704e+01
-3.108490600317757568e+01,-6.864207503515154940e+01,-9.401182909234100293e+01
-3.147645532813643143e+01,-6.868522438420264109e+01,-9.395104653715900156e+01
-3.187719548028263361e+01,-6.872842567027426242e+01,-9.388922213586683085e+01
-3.228670141002936589e+01,-6.877152873541915312e+01,-9.382649926170991250e+01
-3.270452518625719307e+01,-6.881437976397261025e+01,-9.376303008643787962e+01
-3.313019722462015437e+01,-6.885682239143774552e+01,-9.369897518420646065e+01
-3.356322730918023467e+01,-6.889869847808428460e+01,-9.363450253039832205e+01
-3.400310586284825831e+01,-6.893984930003951206e+01,-9.356978690776706742e+01
-3.444930504287357564e+01,-6.898011642380318165e+01,-9.350500873474167918e+01
-3.490128007634523044e+01,-6.901934290086646229e+01,-9.344035319926227601e+01
-3.535847044335247347e+01,-6.905737422797773206e+01,-9.337600896420737229e+01
-3.582030126677549475e+01,-6.909405949589599061e+01,-9.331216703973061044e+01
-3.628618457980879697e+01,-6.912925239420457046e+01,-9.324901939505411974e+01
-3.675552077343814261e+01,-6.916281229036142975e+01,-9.318675762990706346e+01
-3.722769994226459289e+01,-6.919460523256741169e+01,-9.312557152811542949e+01
-3.770210339372949448e+01,-6.922450492475607575e+01,-9.306564758579459351e+01
-3.817810507014273469e+01,-6.925239369422779134e+01,-9.300716756930484053e+01
-3.865507312085343727e+01,-6.927816332704016133e+01,-9.295030696315481578e+01
-3.913237129073583986e+01,-6.930171597941861705e+01,-9.289523361489401054e+01
-3.960935930185537757e+01,-6.932296499818725977e+01,-9.284210615310655612e+01
-4.008539307708296207e+01,-6.934183632623475546e+01,-9.279107244923790176e+01
-4.055982616551046505e+01,-6.935826972797288192e+01,-9.274226756960815976e+01
-4.103201130350898751e+01,-6.937222022082552542e+01,-9.269581224937236641e+01
-4.150130211265697255e+01,-6.938365901464348440e+01,-9.265181103825152320e+01
-4.196705483788206692e+01,-6.939257468039139098e+01,-9.261035113506346761e+01
-4.242863017209886323e+01,-6.939897373233633004e+01,-9.257150086462984007e+01
-4.288539510336537575e+01,-6.940288147882506564e+01,-9.253530897227841479e+01
-4.333672476758912495e+01,-6.940434220657311926e+01,-9.250180350654052575e+01
-4.378200425889880876e+01,-6.940341971388066611e+01,-9.247099164509559444e+01
-4.422063030198394529e+01,-6.940019709346481136e+01,-9.244285897310753342e+01
-4.465201398181606152e+01,-6.939473623954916093e+01,-9.241740042661564303e+01
-4.507558768344685518e+01,-6.938682587202124807e+01,-9.239480833417670169e+01
-4.549079541842115759e+01,-6.937618244728737693e+01,-9.237532338679635302e+01
-4.589709384650338109e+01,-6.936259638015911833e+01,-9.235912387129992851e+01
-4.629396526446009119e+01,-6.934593228513212182e+01,-9.234632575518800479e+01
-4.668092611157354099e+01,-6.932612518037176130e+01,-9.233698451267143525e+01
-4.705753425835149528e+01,-6.930317574936752578e+01,-9.233109924402334912e+01
-4.742339548268586924e+01,-6.927714398235160331e+01,-9.232861765008019006e+01
-4.777816792131358170e+01,-6.924814161661886658e+01,-9.232944171048309556e+01
-4.812156325789178624e+01,-6.921632479872741328e+01,-9.233343478336495025e+01
-4.845334387437387136e+01,-6.918188618658493283e+01,-9.234042758569104592e+01
-4.877331674702509900e+01,-6.914504866376205428e+01,-9.235022456975661953e+01
-4.908132590894711456e+01,-6.910606009049227794e+01,-9.236260918097316619e+01
-4.937724503578313318e+01,-6.906518874895458282e+01,-9.237734758255282941e+01
-4.966096986653462864e+01,-6.902272058120954057e+01,-9.239419233961056932e+01
-4.993241702148186789e+01,-6.897895656875712689e+01,-9.241288494427095657e+01
-5.019152673912977747e+01,-6.893420916310719804e+01,-9.243315820747044143e+01
-5.043826513498213160e+01,-6.888879855617867065e+01,-9.245473971897295939e+01
-5.067262590866650385e+01,-6.884304845808834727e+01,-9.247735539423727857e+01
-5.089463162006624941e+01,-6.879728151514464685e+01,-9.250073285069551332e+01
-5.110433462865172771e+01,-6.875181475591674030e+01,-9.252460478420239554e+01
-5.130181776137301597e+01,-6.870695538534405955e+01,-9.254871249252471443e+01
-5.148719472255891105e+01,-6.866299666743671537e+01,-9.257280896680022408e+01
-5.166061028367904839e+01,-6.862021411139311056e+01,-9.259666165424030737e+01
-5.182224027536145883e+01,-6.857886200247011743e+01,-9.262005480333395724e+01
-5.197229141473491154e+01,-6.853917052968496648e+01,-9.264279162491102682e+01
-5.211100097659502239e+01,-6.850134339599571831e+01,-9.266469604303239294e+01
-5.223863632109546273e+01,-6.846555588345988497e+01,-9.268561395766245425e+01
-5.235549429596184723e+01,-6.843195344692193771e+01,-9.270541410675744487e+01
-5.246190052545852467e+01,-6.840065083316913785e+01,-9.272398853855614220e+01
-5.255820859654107124e+01,-6.837173170830570257e+01,-9.274125270922253605e+01
-5.264479915126639753e+01,-6.834524876767292767e+01,-9.275714523020596403e+01
-5.272207889405008530e+01,-6.832122430684192693e+01,-9.277162731298884069e+01
-5.279047951928024673e+01,-6.829965119265486351e+01,-9.278468191973102819e+01
-5.285045656545590731e+01,-6.827916141744304923e+01,-9.279729331870758813e+01
-5.290248820094262783e+01,-6.825822747452365036e+01,-9.281056139128705240e+01
-5.294707394639372211e+01,-6.823714745275751170e+01,-9.282424208048826131e+01
-5.298473333783940831e+01,-6.821619338853996339e+01,-9.283811092116526709e+01
-5.301600453460620344e+01,-6.819561018766415827e+01,-9.285196374100321748e+01
-5.304144287625940279e+01,-6.817562075103843711e+01,-9.286561279832656624e+01
-5.306161939256722349e+01,-6.815643090885355093e+01,-9.287888306864952881e+01
-5.307711927055367340e+01,-6.813823475341702363e+01,-9.289160824975581932e+01
-5.308854028278087611e+01,-6.812122116464625776e+01,-9.290362590576370394e+01
-5.309649118108046650e+01,-6.810558284227931836e+01,-9.291477078966634906e+01
-5.310159006003274129e+01,-6.809153040221339381e+01,-9.292486447322011145e+01
-5.310446269456947022e+01,-6.807931715961755970e+01,-9.293369716831979588e+01
-5.310574085614602780e+01,-6.806928612243990528e+01,-9.294099330275096804e+01
-5.310606061199070638e+01,-6.806117506421743713e+01,-9.294692039275521722e+01
-5.310574085614602780e+01,-6.805307573350084738e+01,-9.295286349828599270e+01
-5.310446269456947022e+01,-6.804309157955469800e+01,-9.296022365823515088e+01
-5.310159006003274129e+01,-6.803098373390615450e+01,-9.296920028740093755e+01
-5.309649118108046650e+01,-6.801711846753872237e+01,-9.297954958245179569e+01
-5.308854028278095427e+01,-6.800177225778722345e+01,-9.299109338641405031e+01
-5.307711927055436263e+01,-6.798517879409673981e+01,-9.300368478115566973e+01
-5.306161939257196991e+01,-6.796755379066854630e+01,-9.301718994909347771e+01
-5.304144287628482601e+01,-6.794910912850804152e+01,-9.303147786550557896e+01
-5.301600453471863972e+01,-6.793006194821253985e+01,-9.304641370380474541e+01
-5.298473333826564158e+01,-6.791064124941925684e+01,-9.306185408062069087e+01
-5.294707394781715948e+01,-6.789109330931540853e+01,-9.307764317794864439e+01
-5.290248820521679107e+01,-6.787168671239172113e+01,-9.309360916041548251e+01
-5.285045657717688528e+01,-6.785271757969634621e+01,-9.310956045491872146e+01
-5.279047954899264994e+01,-6.783450857454249672e+01,-9.312528656711275232e+01
-5.272207896486602152e+01,-6.781554996504468136e+01,-9.314191165892761148e+01
-5.264479931193147877e+01,-6.779449038797237392e+01,-9.316044274349437160e+01
-5.255820894525238174e+01,-6.777134391697673266e+01,-9.318089177421194336e+01
-5.246190125247261449e+01,-6.774615423099729128e+01,-9.320324922501679055e+01
-5.235549575694499680e+01,-6.771899570461188489e+01,-9.322748342875767946e+01
-5.223863915933242907e+01,-6.768997408875677024e+01,-9.325354021339347810e+01
-5.211100632050408166e+01,-6.765922675066069303e+01,-9.328134289449540972e+01
-5.197230118818536226e+01,-6.762692241447791730e+01,-9.331079263423805514e+01
-5.182225767252343474e+01,-6.759326036246820024e+01,-9.334176918972229942e+01
-5.166064047798506920e+01,-6.755846906455620626e+01,-9.337413207032588502e+01
-5.148724590121565825e+01,-6.752280420830373941e+01,-9.340772211424703642e+01
-5.130190260309185390e+01,-6.748654604589616213e+01,-9.344236340162878207e+01
-5.110447237326252434e+01,-6.744999609536770890e+01,-9.347786557207682279e+01
-5.089485091505105885e+01,-6.741347333992378310e+01,-9.351402674738400833e+01
-5.067296866046011417e+01,-6.737730973138448576e+01,-9.355063677892957230e+01
-5.043879164418739691e+01,-6.734184503405518285e+01,-9.358748084614194340e+01
-5.019232246242880535e+01,-6.730742089751076662e+01,-9.362434322020099842e+01
-4.993360138598734466e+01,-6.727437452994738010e+01,-9.366101167809232209e+01
-4.966270767772680728e+01,-6.724303179781277606e+01,-9.369728230386598966e+01
-4.937976119110896889e+01,-6.721369953112868245e+01,-9.373296437061259212e+01
-4.908492439757793591e+01,-6.718665707242762153e+01,-9.376788540076547918e+01
-4.877840487553480386e+01,-6.716214758855826972e+01,-9.380189723997216333e+01
-4.846045373594915162e+01,-6.714036882896742497e+01,-9.383488211331442130e+01
-4.813135731135113815e+01,-6.712146478576386244e+01,-9.386675774094123881e+01
-4.779142872150796961e+01,-6.710551976579270672e+01,-9.389748210354369462e+01
-4.744099885946589268e+01,-6.709255403929776662e+01,-9.392705633924117592e+01
-4.708040837954798974e+01,-6.708252138380733243e+01,-9.395552586669862194e+01
-4.671000269043084785e+01,-6.707530917044034879e+01,-9.398298106978525368e+01
-4.633013059221551089e+01,-6.707073901228679347e+01,-9.400955577868522539e+01
-4.594114609438136654e+01,-6.706856874233703536e+01,-9.403542569777819438e+01
-4.554341214705526397e+01,-6.706849488324110098e+01,-9.406080635903086318e+01
-4.513730507651916213e+01,-6.707015504174164278e+01,-9.408595013290607767e+01
-4.472322032556846949e+01,-6.707313138119194207e+01,-9.411114404488589003e+01
-4.430158266102648668e+01,-6.707695337776956990e+01,-9.413670589205786143e+01
-4.387284468935932580e+01,-6.708124753789044803e+01,-9.416287823138890190e+01
-4.343747449859804277e+01,-6.708594068240313391e+01,-9.418968360213280278e+01
-4.299595989221045755e+01,-6.709100365076993455e+01,-9.421710732710825198e+01
-4.254880827158730483e+01,-6.709640922089168669e+01,-9.424512711611544091e+01
-4.209654542493024820e+01,-6.710213186040243727e+01,-9.427371349590646332e+01
-4.163971438423757121e+01,-6.710814736647202494e+01,-9.430283013063123576e+01
-4.117887427340876627e+01,-6.711443254884923704e+01,-9.433243429080357600e+01
-4.071459912753986288e+01,-6.712096489410069466e+01,-9.436247740439405618e+01
-4.024747662660280412e+01,-6.712772219570398136e+01,-9.439290567507038077e+01
-3.977810675731848278e+01,-6.713468219213461907e+01,-9.442366082288387474e+01
-3.930710035403753011e+01,-6.714182217293983967e+01,-9.445468087907738663e+01
-3.883507755720280130e+01,-6.714911858588568805e+01,-9.448590106300009950e+01
-3.836266602763929257e+01,-6.715654665104550247e+01,-9.451725472549026108e+01
-3.789049803516658699e+01,-6.716408011294464586e+01,-9.454867429794582279e+01
-3.741920750053345301e+01,-6.717169143974993517e+01,-9.458009198523716066e+01
-3.694942817256869461e+01,-6.717935221125560474e+01,-9.461144022530343989e+01
-3.648179181455411424e+01,-6.718703352944079654e+01,-9.464265213478921623e+01
-3.601692644956951739e+01,-6.719470644277741656e+01,-9.467366196172375226e+01
-3.555545449305950712e+01,-6.720234232637176319e+01,-9.470440547079206794e+01
-3.509799098463982148e+01,-6.720991330837749445e+01,-9.473482039551943501e+01
-3.464514170065965004e+01,-6.721739257790848399e+01,-9.476484673170328676e+01
-3.419750140018963691e+01,-6.722475478333940657e+01,-9.479442717236932481e+01
-3.375565195798117202e+01,-6.723197624326768107e+01,-9.482350729795241762e+01
-3.332016064930310506e+01,-6.723903528506050975e+01,-9.485203596993903830e+01
-3.289157835044768063e+01,-6.724591235632382791e+01,-9.487996543118111958e+01
-3.247043787877992571e+01,-6.725259025341279084e+01,-9.490725160038954300e+01
-3.205725231596254332e+01,-6.725905416955625071e+01,-9.493385414243125808e+01
-3.165251341311331146e+01,-6.726529176034942736e+01,-9.495973659326878646e+01
-3.125669015479448731e+01,-6.727129318985093676e+01,-9.498486649297144879e+01
-3.087022736238102993e+01,-6.727705092266401721e+01,-9.500921526576665599e+01
-3.049354438143263835e+01,-6.728255975449825144e+01,-9.503275853372711879e+01
-3.012703361731417928e+01,-6.728781641137628355e+01,-9.505547580453260537e+01
-2.977105935611602305e+01,-6.729281956818506671e+01,-9.507735071260584903e+01
-2.942595656293199013e+01,-6.729756955476584324e+01,-9.509837077912852976e+01
-2.909202981014438905e+01,-6.730206812888751244e+01,-9.511852722671133620e+01
-2.876955240340385700e+01,-6.730631847184226046e+01,-9.513781507008171445e+01
-2.845876547826405911e+01,-6.731032480791351702e+01,-9.515623263864873138e+01
-2.815987731318196197e+01,-6.731409232449883007e+01,-9.517378149010237109e+01
-2.787306275826917457e+01,-6.731762710454209753e+01,-9.519046631111996248e+01
-2.759846269394035900e+01,-6.732093581803609084e+01,-9.520629445093852894e+01
-2.733618367226754486e+01,-6.732402564731172845e+01,-9.522127576316650277e+01
-2.708629768364001933e+01,-6.732690427366871688e+01,-9.523542251659578994e+01
-2.684884196515307409e+01,-6.732957964622264058e+01,-9.524874898466224238e+01
-2.662381894998525311e+01,-6.733205988176359824e+01,-9.526127121120144636e+01
-2.641119634071543487e+01,-6.733435325164253982e+01,-9.527300689467791983e+01
-2.621090725483920281e+01,-6.733646813066282277e+01,-9.528397521586168750e+01
-2.602285043536123865e+01,-6.733841287579313928e+01,-9.529419655027810165e+01
-2.584689060606010358e+01,-6.734019579765292463e+01,-9.530369230547972847e+01
-2.568285892614339616e+01,-6.734182514178664292e+01,-9.531248478854837458e+01
-2.553055353810025707e+01,-6.734330909284281574e+01,-9.532059712543144769e+01
-2.538974019109463498e+01,-6.734465573175839381e+01,-9.532805313292212190e+01
-2.526015294711341141e+01,-6.734587298948316914e+01,-9.533487720403780941e+01
-2.514149497467430905e+01,-6.734696862980176491e+01,-9.534109425148068340e+01
-2.503343942156043411e+01,-6.734795023330663355e+01,-9.534672966764024693e+01
-2.493563036394902710e+01,-6.734882518250165617e+01,-9.535180929851776455e+01
-2.484768382916915286e+01,-6.734960064888068132e+01,-9.535635942957155464e+01
-2.476918888933464302e+01,-6.735028358482334454e+01,-9.536040678377881363e+01
-2.469970882197505091e+01,-6.735088071856307579e+01,-9.536397852539263909e+01
-2.463878089818534534e+01,-6.735140923757506926e+01,-9.536709479136086998e+01
-2.458530350136772569e+01,-6.735647183801970073e+01,-9.536657257068378613e+01
-2.453850095318101765e+01,-6.736807876425730512e+01,-9.536103877183154509e+01
-2.449811575428122268e+01,-6.738422648844644414e+01,-9.535192354902511624e+01
-2.446380259358755538e+01,-6.740342335071593993e+01,-9.534030012836602452e+01
-2.443515500707192700e+01,-6.742450234956250199e+01,-9.532701611368548811e+01
-2.441172074484100207e+01,-6.744651822274424546e+01,-9.531276553877023616e+01
-2.439301182339189467e+01,-6.746868435093878702e+01,-9.529813292447101958e+01
-2.437851197840396722e+01,-6.749032926682542666e+01,-9.528362355538851602e+01
-2.436768301472404019e+01,-6.751086161189064683e+01,-9.526968782231296018e+01
-2.435997119920870446e+01,-6.752973499087885045e+01,-9.525674564176560466e+01
-2.435481513780417728e+01,-6.754640197269348789e+01,-9.524521850676185863e+01
-2.435165754745155908e+01,-6.756023927724427836e+01,-9.523558178226153359e+01
-2.434981800040120703e+01,-6.757150704252633489e+01,-9.522769109739256521e+01
