-2.585362618729192974e+01,-6.088849011951253232e+01,-8.292658645322525501e+01
-2.585454763354807639e+01,-6.089956465474745784e+01,-8.291838019405275872e+01
-2.585657184865609537e+01,-6.091315212545350732e+01,-8.290823722277256991e+01
-2.586035386416271109e+01,-6.092949937409266425e+01,-8.289592172451862950e+01
-2.586649739889345412e+01,-6.094798481275506674e+01,-8.288183979253282985e+01
-2.587560413879673149e+01,-6.096806174779273135e+01,-8.286634297305703001e+01
-2.588826804862492992e+01,-6.098918496759371521e+01,-8.284978277081674491e+01
-2.590507123430464276e+01,-6.101076568531522781e+01,-8.283254423851028037e+01
-2.592658040570816880e+01,-6.103213717331195198e+01,-8.281507169162294701e+01
-2.595334337279607695e+01,-6.105252051364341526e+01,-8.279789435417166032e+01
-2.598588512504346681e+01,-6.107098205200526309e+01,-8.278165814214020202e+01
-2.602470290529585739e+01,-6.108637157634839809e+01,-8.276717168442517902e+01
-2.607025920737579483e+01,-6.109722132943716133e+01,-8.275548125910687247e+01
-2.612297033731909224e+01,-6.110156211110482616e+01,-8.274800693099741977e+01
-2.618344515326733912e+01,-6.110135539539835747e+01,-8.274324897273949375e+01
-2.625240819866715469e+01,-6.110109988239567258e+01,-8.273782172347981145e+01
-2.633031740922601571e+01,-6.110080106079129791e+01,-8.273167736960947138e+01
-2.641760568540269460e+01,-6.110045330029085164e+01,-8.272477704676724386e+01
-2.651468024904464471e+01,-6.110005024424981457e+01,-8.271708312436368260e+01
-2.662192149949533260e+01,-6.109958472927161921e+01,-8.270855927566977073e+01
-2.673968194022693368e+01,-6.109904870649665298e+01,-8.269917055747774270e+01
-2.686828518272663402e+01,-6.109843318281903635e+01,-8.268888352296147559e+01
-2.700802502453842990e+01,-6.109772815387767508e+01,-8.267766632841858154e+01
-2.715916460413812317e+01,-6.109692252972853765e+01,-8.266548883380613688e+01
-2.732193563964576200e+01,-6.109600407610762574e+01,-8.265232272660743718e+01
-2.749653775189675287e+01,-6.109495936381461689e+01,-8.263814165724504335e+01
-2.768313787465907438e+01,-6.109377372995805899e+01,-8.262292138918571993e+01
-2.788186976796518834e+01,-6.109243130963445623e+01,-8.260664004073811384e+01
-2.809283361350178154e+01,-6.109091504463955857e+01,-8.258927828968569429e+01
-2.831609568950829470e+01,-6.108920664102270592e+01,-8.257081950067458820e+01
-2.855168816210278493e+01,-6.108728657770512172e+01,-8.255124991787009492e+01
-2.879960898883173925e+01,-6.108513419550408940e+01,-8.253055896394323554e+01
-2.905982192838539291e+01,-6.108272785128851723e+01,-8.250873961554741243e+01
-2.933225658925082868e+01,-6.108004487013766237e+01,-8.248578848973345146e+01
-2.961680860725597952e+01,-6.107706161141507550e+01,-8.246170606495543609e+01
-2.991333999061815518e+01,-6.107375376156208091e+01,-8.243649718524208936e+01
-3.022167949347981875e+01,-6.107009641046806792e+01,-8.241017124546820583e+01
-3.054162306725825715e+01,-6.106606406460397807e+01,-8.238274226135010281e+01
-3.087293453719771463e+01,-6.106163103619594068e+01,-8.235422941330723745e+01
-3.121534628396234723e+01,-6.105677157580048942e+01,-8.232465720684059818e+01
-3.156855998889957604e+01,-6.105145990875749362e+01,-8.229405546320670339e+01
-3.193224765105253482e+01,-6.104567074132950211e+01,-8.226245990018584564e+01
-3.230605249235181731e+01,-6.103937925040048640e+01,-8.222991197058640012e+01
-3.268959007610895640e+01,-6.103256135999679088e+01,-8.219645903949277965e+01
-3.308244954699941331e+01,-6.102519411095638446e+01,-8.216215463696657650e+01
-3.348419477690104173e+01,-6.101725561635979034e+01,-8.212705810177078547e+01
-3.389436583997900954e+01,-6.100872560724656779e+01,-8.209123496265455344e+01
-3.431248019937282834e+01,-6.099958537338672215e+01,-8.205475640967414108e+01
-3.473803424472662016e+01,-6.098981821904886402e+01,-8.201769935331731176e+01
-3.517050471540258627e+01,-6.097940957371528015e+01,-8.198014594421150036e+01
-3.560935029475627545e+01,-6.096834728140224513e+01,-8.194218326691452603e+01
-3.605401319983313613e+01,-6.095662182159935583e+01,-8.190390288088524073e+01
-3.650392079604295503e+01,-6.094422645620533530e+01,-8.186540020812901730e+01
-3.695848729859890369e+01,-6.093115747725956055e+01,-8.182677401066416678e+01
-3.741711541075995484e+01,-6.091741427248346952e+01,-8.178812558709140035e+01
-3.787919808316280523e+01,-6.090299953513088838e+01,-8.174955813752715983e+01
-3.834412017185779575e+01,-6.088791927713914731e+01,-8.171117585045928422e+01
-3.881126021179020569e+01,-6.087218296619528957e+01,-8.167308315438052091e+01
-3.927999208396254716e+01,-6.085580349774784992e+01,-8.163538375910930256e+01
-3.974968677019055008e+01,-6.083879724934445221e+01,-8.159817983200321123e+01
-4.021971401385111022e+01,-6.082118401035022259e+01,-8.156157104458186780e+01
-4.068944407626998583e+01,-6.080298695588592750e+01,-8.152565373625800760e+01
-4.115824985755636334e+01,-6.078423242632690204e+01,-8.149052003363030394e+01
-4.162550906095160741e+01,-6.076494958993178841e+01,-8.145625722117378587e+01
-4.209060585710049907e+01,-6.074516998521238520e+01,-8.142294712945567881e+01
-4.255293248261828865e+01,-6.072492714548475590e+01,-8.139066569735157941e+01
-4.301189075921222837e+01,-6.070425613050115743e+01,-8.135948246756839808e+01
-4.346689358313533802e+01,-6.068319317794615841e+01,-8.132946029861194859e+01
-4.391736634089912172e+01,-6.066177525376474478e+01,-8.130065499601279555e+01
-4.436274830409400494e+01,-6.064003973237207390e+01,-8.127311517338142721e+01
-4.480249396656237337e+01,-6.061802400583517425e+01,-8.124688207764518211e+01
-4.523607438123245572e+01,-6.059576514874549957e+01,-8.122198955606440052e+01
-4.566297848866779674e+01,-6.057329963927407590e+01,-8.119846417991537635e+01
-4.608271398921859685e+01,-6.055062245505564533e+01,-8.117635544918418589e+01
-4.649480650705493190e+01,-6.052743763967927748e+01,-8.115592246048112202e+01
-4.689880519078135279e+01,-6.050335614039774867e+01,-8.113748520639484241e+01
-4.729428410095260205e+01,-6.047804180196633439e+01,-8.112131667194279316e+01
-4.768083881915696054e+01,-6.045121355946015029e+01,-8.110764074358249331e+01
-4.805808488040470650e+01,-6.042264748668469565e+01,-8.109663217892412490e+01
-4.842565654844052148e+01,-6.039217733597118354e+01,-8.108841595509930755e+01
-4.878320588715359207e+01,-6.035969489914077712e+01,-8.108306779192614044e+01
-4.913040254550148234e+01,-6.032514971947564675e+01,-8.108061528332579826e+01
-4.946693467150167578e+01,-6.028854736447868845e+01,-8.108103878772584494e+01
-4.979251135782121906e+01,-6.024994760587559028e+01,-8.108427420682909315e+01
-5.010686615187724158e+01,-6.020946078506867138e+01,-8.109021561354690277e+01
-5.040976096249578831e+01,-6.016724317688154855e+01,-8.109871885366382571e+01
-5.070098978659856925e+01,-6.012349189331150967e+01,-8.110960657578101518e+01
-5.098038228037601982e+01,-6.007843833745893392e+01,-8.112267307800200911e+01
-5.124780467111936133e+01,-6.003234138307168877e+01,-8.113768983491320341e+01
-5.150315905903102021e+01,-5.998548105369803096e+01,-8.115441148391994375e+01
-5.174638278781085177e+01,-5.993815206810732832e+01,-8.117258106735944523e+01
-5.197744791351468052e+01,-5.989065750613175254e+01,-8.119193480081318626e+01
-5.219636077119282191e+01,-5.984330319301683687e+01,-8.121220708848971981e+01
-5.240316154901407231e+01,-5.979639227741115093e+01,-8.123313497859054166e+01
-5.259792385198954889e+01,-5.975022010791639815e+01,-8.125446210331988084e+01
-5.278075424349886191e+01,-5.970506950139083813e+01,-8.127594214145742058e+01
-5.295179177111577928e+01,-5.966120664894692993e+01,-8.129734206344919301e+01
-5.311120744909126046e+01,-5.961887749716706253e+01,-8.131844488063472909e+01
-5.325920368896579049e+01,-5.957830462055747489e+01,-8.133905188023778976e+01
-5.339601367657667907e+01,-5.953968464893120682e+01,-8.135898441239915257e+01
-5.352190068809225920e+01,-5.950318622552671144e+01,-8.137808519576772426e+01
-5.363715734571774618e+01,-5.946894854373400108e+01,-8.139621922617911309e+01
-5.374210481482503354e+01,-5.943708050071990101e+01,-8.141327437912977416e+01
-5.383709192877315530e+01,-5.940766029997130460e+01,-8.142916153190041939e+01
-5.392249424606004737e+01,-5.938073553538330174e+01,-8.144381432102515816e+01
-5.399871304073372613e+01,-5.935632372761939024e+01,-8.145718858029229636e+01
-5.406617422701047815e+01,-5.933441326862040199e+01,-8.146926149581123866e+01
-5.412532721967279059e+01,-5.931364265113180068e+01,-8.148099292999063437e+01
-5.417664373245023768e+01,-5.929249214254074474e+01,-8.149345601175669174e+01
-5.422061651679977246e+01,-5.927125295196076848e+01,-8.150640485962573223e+01
-5.425775804415363268e+01,-5.925019046941118717e+01,-8.151961286509954618e+01
-5.428859913486297017e+01,-5.922954319017791391e+01,-8.153287336208538250e+01
-5.431368753724972720e+01,-5.920952779229187257e+01,-8.154599581872741965e+01
-5.433358646048778695e+01,-5.919034402411887186e+01,-8.155880217736202553e+01
-5.434887306517385497e+01,-5.917217998835112525e+01,-8.157112292134294762e+01
-5.436013691548081539e+01,-5.915521860943379551e+01,-8.158279229906996477e+01
-5.436797839704426849e+01,-5.913964658929769058e+01,-8.159364176445889427e+01
-5.437300710478459109e+01,-5.912566838907724787e+01,-8.160348979884588516e+01
-5.437584020494767145e+01,-5.911353081543330745e+01,-8.161212407722544526e+01
-5.437710077572554468e+01,-5.910356964456198625e+01,-8.161926770289483102e+01
-5.437741613088466153e+01,-5.909552016923158391e+01,-8.162507837706783675e+01
-5.437710077572554468e+01,-5.908748688573611219e+01,-8.163091141604608936e+01
-5.437584020494767145e+01,-5.907759044474174459e+01,-8.163814444919104574e+01
-5.437300710478459109e+01,-5.906559838585791766e+01,-8.164697971833381018e+01
-5.436797839704426849e+01,-5.905187859488312796e+01,-8.165718467782896539e+01
-5.436013691548077986e+01,-5.903670983713853815e+01,-8.166859114524140750e+01
-5.434887306517357786e+01,-5.902032839113419271e+01,-8.168106154932945628e+01
-5.433358646048592533e+01,-5.900295266678998729e+01,-8.169447114034200297e+01
-5.431368753723972986e+01,-5.898479723988899082e+01,-8.170869788476235840e+01
-5.428859913481878863e+01,-5.896608187972147164e+01,-8.172361600510218693e+01
-5.425775804398612934e+01,-5.894703810547260758e+01,-8.173909132679857237e+01
-5.422061651624039769e+01,-5.892791457248083020e+01,-8.175497748626756334e+01
-5.417664373077057149e+01,-5.890898207528524466e+01,-8.177111243026288889e+01
-5.412532721506661204e+01,-5.889053875072927013e+01,-8.178731478105356700e+01
-5.406617421533388068e+01,-5.887290910639040220e+01,-8.180338464919634589e+01
-5.399871301290381354e+01,-5.885459919276034668e+01,-8.182043077364509998e+01
-5.392249418291993379e+01,-5.883427206501169593e+01,-8.183944693764196643e+01
-5.383709179173134629e+01,-5.881194577895676190e+01,-8.186045128818444994e+01
-5.374210452910975278e+01,-5.878766777561899914e+01,-8.188344096231772085e+01
-5.363715677154863215e+01,-5.876151598385458641e+01,-8.190839145078533079e+01
-5.352189957264853604e+01,-5.873359953016192492e+01,-8.193525625915179944e+01
-5.339601157636585071e+01,-5.870405900904954422e+01,-8.196396689583505690e+01
-5.325919984785330996e+01,-5.867306626453719787e+01,-8.199443319922032458e+01
-5.311120061165530615e+01,-5.864082358673913831e+01,-8.202654393459106075e+01
-5.295177990397316137e+01,-5.860756244154767103e+01,-8.206016787191019546e+01
-5.278073412865225578e+01,-5.857354166590729250e+01,-8.209515527580309424e+01
-5.259789050593245463e+01,-5.853904507217549735e+01,-8.213133973065610860e+01
-5.240310740913839282e+01,-5.850437849735211415e+01,-8.216854032743432867e+01
-5.219627457673732351e+01,-5.846986626891259675e+01,-8.220656412209501696e+01
-5.197731319146560480e+01,-5.843584712880986842e+01,-8.224520884478003779e+01
-5.174617583400302578e+01,-5.840266985373179409e+01,-8.228426608634781303e+01
-5.150284627969801932e+01,-5.837068843262989759e+01,-8.232352462849046049e+01
-5.124733911749564896e+01,-5.834025683455467970e+01,-8.236277379204953775e+01
-5.097969916376463573e+01,-5.831172341058612574e+01,-8.240180665875071497e+01
-5.070000069435572954e+01,-5.828542560365796987e+01,-8.244042387472300959e+01
-5.040834638989348093e+01,-5.826168456414414720e+01,-8.247843718288268633e+01
-5.010486598127709357e+01,-5.824079961852255849e+01,-8.251567227157696038e+01
-4.978971642528667729e+01,-5.822304328069994028e+01,-8.255197184746670303e+01
-4.946308458433665578e+01,-5.820865612979777381e+01,-8.258719885372381952e+01
-4.912518973367073016e+01,-5.819784077229735431e+01,-8.262123902816642840e+01
-4.877628616510883575e+01,-5.819075604362092236e+01,-8.265400430129561471e+01
-4.841666522093449032e+01,-5.818751112085701038e+01,-8.268543644279205296e+01
-4.804665592590684753e+01,-5.818815904520183580e+01,-8.271550980339780779e+01
-4.766662412986492825e+01,-5.819269155626445666e+01,-8.274423517502873437e+01
-4.727697023442904367e+01,-5.820103405424572429e+01,-8.277166238022140021e+01
-4.687812610225198995e+01,-5.821304172165289970e+01,-8.279788249632616726e+01
-4.647055165713592118e+01,-5.822849721377972543e+01,-8.282302994212187741e+01
-4.605473085585887816e+01,-5.824710891325025131e+01,-8.284728273903493800e+01
-4.563116597397701923e+01,-5.826851260852830450e+01,-8.287086265812149577e+01
-4.520037640741375640e+01,-5.829241953540169874e+01,-8.289393016129704961e+01
-4.476290175085961209e+01,-5.831881919085780197e+01,-8.291644217933350092e+01
-4.431929824307476196e+01,-5.834772440252145032e+01,-8.293833094296644504e+01
-4.387013689287072538e+01,-5.837913018081024319e+01,-8.295953354815880232e+01
-4.341600196956287050e+01,-5.841301367182524729e+01,-8.297999193936630036e+01
-4.295748942249961999e+01,-5.844933454694500341e+01,-8.299965322566507098e+01
-4.249520527103493350e+01,-5.848803542170796277e+01,-8.301846973852025258e+01
-4.202976395354155414e+01,-5.852904257514865805e+01,-8.303639921595632245e+01
-4.156178669944933546e+01,-5.857226676987963998e+01,-8.305340483774708105e+01
-4.109189987186065451e+01,-5.861760430258087951e+01,-8.306945531118009285e+01
-4.062073336860046879e+01,-5.866493815355343600e+01,-8.308452484226118884e+01
-4.014891898836551576e+01,-5.871413931392473984e+01,-8.309859312983746804e+01
-3.967708893042696161e+01,-5.876506818329981741e+01,-8.311164526793207585e+01
-3.920587464680647827e+01,-5.881757597942253568e+01,-8.312367166142622921e+01
-3.873590576785672113e+01,-5.887150604424518008e+01,-8.313466802214882989e+01
-3.826780846920603096e+01,-5.892669513535624048e+01,-8.314463535796906513e+01
-3.780220394513129634e+01,-5.898297480703420348e+01,-8.315358000579813336e+01
-3.733970673217179126e+01,-5.904017270500749248e+01,-8.316151347876871114e+01
-3.688092322632552822e+01,-5.909811399740556936e+01,-8.316845246372821521e+01
-3.642645001935399307e+01,-5.915662259978245885e+01,-8.317441850887669830e+01
-3.597687246401434180e+01,-5.921552259216640124e+01,-8.317943798389025289e+01
-3.553276304204923264e+01,-5.927463931917152706e+01,-8.318354161718131934e+01
-3.509467997756518542e+01,-5.933380072529018179e+01,-8.318676440686367357e+01
-3.466316566538724686e+01,-5.939283830265684117e+01,-8.318914504923122877e+01
-3.423874532509224622e+01,-5.945158826832306431e+01,-8.319072576847419498e+01
-3.382192553214800057e+01,-5.950989237261668308e+01,-8.319155172378283680e+01
-3.341319289239394408e+01,-5.956759881009315905e+01,-8.319167066882431527e+01
-3.301301273064913744e+01,-5.962456295575370291e+01,-8.319113248654922188e+01
-3.262182774392656626e+01,-5.968064792485873937e+01,-8.318998859936031920e+01
-3.224005684119812543e+01,-5.973572533295845943e+01,-8.318829175855671565e+01
-3.186809385794451899e+01,-5.978967546969561653e+01,-8.318609514498889723e+01
-3.150630662865479081e+01,-5.984238796368963875e+01,-8.318345231890498326e+01
-3.115503587158134025e+01,-5.989376178858588418e+01,-8.318041641967728594e+01
-3.081459427340288570e+01,-5.994370549637297074e+01,-8.317703984721565291e+01
-3.048526566503196378e+01,-5.999213740298539221e+01,-8.317337403598345702e+01
-3.016730411250247457e+01,-6.003898530578278070e+01,-8.316946873180638988e+01
-2.986093326982393492e+01,-6.008418661432893515e+01,-8.316537198558427235e+01
-2.956634571152297397e+01,-6.012768814144124008e+01,-8.316112980799329080e+01
-2.928370230379709227e+01,-6.016944572175239614e+01,-8.315678570668676173e+01
-2.901313177644820485e+01,-6.020942412336798810e+01,-8.315238073705313582e+01
-2.875473031796028422e+01,-6.024759672488570317e+01,-8.314795332250687920e+01
-2.850856121875433402e+01,-6.028394503730318377e+01,-8.314353894183128091e+01
-2.827465466686891560e+01,-6.031845840177664542e+01,-8.313917012695237929e+01
-2.805300765052450984e+01,-6.035113372650766905e+01,-8.313487656830501749e+01
-2.784358388867052270e+01,-6.038197498641938665e+01,-8.313068493445886986e+01
-2.764631388956812330e+01,-6.041099281879397154e+01,-8.312661885630795666e+01
-2.746109511962756500e+01,-6.043820416272617280e+01,-8.312269899845095722e+01
-2.728779226434252791e+01,-6.046363194605016389e+01,-8.311894320624750776e+01
-2.712623755720012042e+01,-6.048730468896611256e+01,-8.311536653483848625e+01
-2.697623120320398726e+01,-6.050925612817184174e+01,-8.311198129617469021e+01
-2.683754190554454766e+01,-6.052952490340440050e+01,-8.310879717628108665e+01
-2.670990748271108117e+01,-6.054815426259000333e+01,-8.310582135855045749e+01
-2.659303557421373654e+01,-6.056519178694116334e+01,-8.310305865231779876e+01
-2.648660443462300051e+01,-6.058068914541915717e+01,-8.310051163832073939e+01
-2.639026380627383972e+01,-6.059470184377820345e+01,-8.309818078321754342e+01
-2.630363587319394014e+01,-6.060728899224960742e+01,-8.309606455723111651e+01
-2.622631629576385137e+01,-6.061851310167909190e+01,-8.309415957036864597e+01
-2.615787532014318728e+01,-6.062843989222088936e+01,-8.309246070817937380e+01
-2.609785952646547003e+01,-6.063714862760581781e+01,-8.309095354659034172e+01
-2.604603592885421293e+01,-6.064923232271737419e+01,-8.308631004652058039e+01
-2.600201232038638821e+01,-6.066673622374523944e+01,-8.307707069882012263e+01
-2.596516316740542862e+01,-6.068776002911624801e+01,-8.306467276570657532e+01
-2.593487122475451656e+01,-6.071090973506779420e+01,-8.305018347553266267e+01
-2.591051906643135538e+01,-6.073511322924861844e+01,-8.303443569621661879e+01
-2.589148514355237651e+01,-6.075951879809934297e+01,-8.301810241791326916e+01
-2.587714200071686221e+01,-6.078343280843656515e+01,-8.300174233685278580e+01
-2.586685557111049505e+01,-6.080627667702432859e+01,-8.298583122373241849e+01
-2.585998495234943206e+01,-6.082755215369656554e+01,-8.297078718161910160e+01
-2.585588220369692891e+01,-6.084680650936993374e+01,-8.295699600479301239e+01
-2.585389158823942068e+01,-6.086358705695653981e+01,-8.294484444829268455e+01
-2.585334730027795302e+01,-6.087736734512815673e+01,-8.293477445307901519e+01
-2.585362618729192974e+01,-6.088849011951253232e+01,-8.292658645322525501e+01
