-5.996226473535538304e+01,1.438762260056867603e+02,1.441238357896074262e+02
-5.995327610594445389e+01,1.438833917993379146e+02,1.441368836446282273e+02
-5.992636986326909465e+01,1.439049027977014248e+02,1.441760477119457278e+02
-5.988164504739206251e+01,1.439405830316908066e+02,1.442413824458959937e+02
-5.981937793477486309e+01,1.439904741468230895e+02,1.443329803855304192e+02
-5.973987145677998001e+01,1.440543830904608456e+02,1.444509695622119239e+02
-5.964355234123203786e+01,1.441321840015853866e+02,1.445955128286538240e+02
-5.953089111697828173e+01,1.442235775135816880e+02,1.447668066597534846e+02
-5.940249456287002516e+01,1.443283821409752932e+02,1.449650795807800421e+02
-5.925898432076074585e+01,1.444462711818873402e+02,1.451905654220223312e+02
-5.910097049481032627e+01,1.445770882586719495e+02,1.454434067210636385e+02
-5.892934583231017598e+01,1.447204194785790321e+02,1.457239802172588270e+02
-5.874448151855044387e+01,1.448760642017555824e+02,1.460321786390132957e+02
-5.854713577319827778e+01,1.450435704381930009e+02,1.463682064468260364e+02
-5.833810342917888647e+01,1.452227008710645180e+02,1.467322034670687572e+02
-5.811813479765422130e+01,1.454129768935066238e+02,1.471242956791649306e+02
-5.788789761131997125e+01,1.456141478807155920e+02,1.475444527287851884e+02
-5.764779047820606195e+01,1.458259683638305830e+02,1.479924029468720903e+02
-5.739839018705230700e+01,1.460479050825275351e+02,1.484680409313026530e+02
-5.714219443695713352e+01,1.462794727628850922e+02,1.489726530618276854e+02
-5.687836491892561241e+01,1.465203741692835422e+02,1.495049415944694715e+02
-5.660671758016329136e+01,1.467705083228422609e+02,1.500640164206943723e+02
-5.633085694055694859e+01,1.470289539182318492e+02,1.506519927499251708e+02
-5.604932439993901738e+01,1.472956903697832445e+02,1.512669363029370686e+02
-5.576211115754720993e+01,1.475704576062547630e+02,1.519080252560848976e+02
-5.547385263071760164e+01,1.478522212598734882e+02,1.525780744956861099e+02
-5.517875428484707356e+01,1.481416767713467664e+02,1.532716298911305444e+02
-5.488654635144536087e+01,1.484368852975897539e+02,1.539954817806368794e+02
-5.458774106326529818e+01,1.487392577366866249e+02,1.547411756037029136e+02
-5.429324910098632984e+01,1.490466155097051342e+02,1.555163852696885840e+02
-5.399274092623974752e+01,1.493604191504428798e+02,1.563119592720889273e+02
-5.369945269347135763e+01,1.496782487788807998e+02,1.571373169611443075e+02
-5.340010822086399855e+01,1.500019629624921720e+02,1.579809527942400393e+02
-5.311131308963184239e+01,1.503287606488489132e+02,1.588548515662723730e+02
-5.281698183876158481e+01,1.506606848606467679e+02,1.597453134409031179e+02
-5.253080717239989639e+01,1.509954712442925029e+02,1.606619653554816693e+02
-5.224542682151375317e+01,1.513340344568999285e+02,1.615978731658872221e+02
-5.196335590258212989e+01,1.516756382855600407e+02,1.625538816066824097e+02
-5.168985491951640654e+01,1.520192616065326376e+02,1.635329418025129371e+02
-5.141291910480105543e+01,1.523663125056204137e+02,1.645244705270337988e+02
-5.115347021141363371e+01,1.527136490235030806e+02,1.655436275811536575e+02
-5.089136896977746005e+01,1.530637748705574097e+02,1.665734435607849946e+02
-5.063933433899173053e+01,1.534146889448286970e+02,1.676226318358008029e+02
-5.039474527619702116e+01,1.537664320340477104e+02,1.686879128345258607e+02
-5.015027888678224599e+01,1.541197023441011424e+02,1.697623167933855086e+02
-4.992472060612609397e+01,1.544718176476588951e+02,1.708592325880082399e+02
-4.969804452679137796e+01,1.548250418179212886e+02,1.719617827879991978e+02
-4.948369715951084657e+01,1.551774804032968120e+02,1.730791534612333749e+02
-4.927798398380722489e+01,1.555291833617998236e+02,1.742072202272228481e+02
-4.907376330639842621e+01,1.558808706147204646e+02,1.753391109986763468e+02
-4.888966579583979666e+01,1.562300132499846654e+02,1.764880361907461008e+02
-4.868979880972597840e+01,1.566088505934390582e+02,1.777368838966811495e+02
-4.852796462659247112e+01,1.569402061148034875e+02,1.788474145832053637e+02
-4.837444101003243446e+01,1.572680578984059423e+02,1.799553929406603459e+02
-4.822355716598479347e+01,1.575938864652002565e+02,1.810599839452800381e+02
-4.809365073133101731e+01,1.579116284890342570e+02,1.821592888001855499e+02
-4.796473423398931857e+01,1.582273841189209520e+02,1.832531178116133788e+02
-4.784787490571839896e+01,1.585374339793767149e+02,1.843399056712014783e+02
-4.774184427904464911e+01,1.588419000161533177e+02,1.854186396212650720e+02
-4.763695286060239198e+01,1.591436029285051461e+02,1.864886909490081734e+02
-4.755252524636681244e+01,1.594363520874529456e+02,1.875481512200373970e+02
-4.746944218446146380e+01,1.597258207116088897e+02,1.885968274190181546e+02
-4.739679711007873664e+01,1.600088832781497103e+02,1.896332839553477640e+02
-4.733382258174560064e+01,1.602856931660439272e+02,1.906565374572681151e+02
-4.727382164312807333e+01,1.605579326093944417e+02,1.916658763211558494e+02
-4.722936516069499646e+01,1.608216231299931565e+02,1.926597511607328670e+02
-4.718596742448273318e+01,1.610809353337154448e+02,1.936378252367697712e+02
-4.715515931187093202e+01,1.613322083771296889e+02,1.945986252864641415e+02
-4.712841384732919181e+01,1.615776704573839879e+02,1.955415807221855005e+02
-4.710957529148132750e+01,1.618160045239268641e+02,1.964655928569627292e+02
-4.709749420420560284e+01,1.620473207382022167e+02,1.973698014277794641e+02
-4.709061685733298219e+01,1.622719116736107594e+02,1.982533840592192007e+02
-4.709125995009738119e+01,1.624888218605016732e+02,1.991153659514376670e+02
-4.709584377715511039e+01,1.626989856768098264e+02,1.999550558520255663e+02
-4.710723661505387838e+01,1.629013014330705573e+02,2.007714974693596446e+02
-4.712235401659778233e+01,1.630965107388190916e+02,2.015640213775566565e+02
-4.714249971516780846e+01,1.632840520877976473e+02,2.023317874151966294e+02
-4.716684150565110656e+01,1.634639434305322538e+02,2.030740733156946476e+02
-4.719374681266320692e+01,1.636365012971862996e+02,2.037902178956933597e+02
-4.722567554345473440e+01,1.638007935995582045e+02,2.044794041115471259e+02
-4.725889169160092962e+01,1.639578236487011509e+02,2.051411165386747939e+02
-4.729514756560007527e+01,1.641068776101995184e+02,2.057746228069497647e+02
-4.733353311359069693e+01,1.642480814461800946e+02,2.063793365701296807e+02
-4.737275294882491039e+01,1.643816416578008841e+02,2.069547163117062212e+02
-4.741279148877161731e+01,1.645073973298791827e+02,2.075001928870621555e+02
-4.745410144798817953e+01,1.646251767191982651e+02,2.080152074952245869e+02
-4.749522736954259017e+01,1.647352091602084840e+02,2.084993134798909011e+02
-4.753580941425414608e+01,1.648374851755529278e+02,2.089520472655749757e+02
-4.757552021773201290e+01,1.649320343765228358e+02,2.093729753609000568e+02
-4.761392654400377467e+01,1.650188483030424038e+02,2.097616993695226313e+02
-4.765056933711947806e+01,1.650979134016621401e+02,2.101178536032245745e+02
-4.768515514347855344e+01,1.651693573535155792e+02,2.104410996566047913e+02
-4.771724103786580429e+01,1.652330942814013781e+02,2.107311348145587715e+02
-4.774643545376891041e+01,1.652892970031332993e+02,2.109876904556590205e+02
-4.777237904592641371e+01,1.653379441518303565e+02,2.112105271712021306e+02
-4.779477390958591343e+01,1.653789827963331049e+02,2.113994359683082678e+02
-4.781344695897359998e+01,1.654126180797098584e+02,2.115542397269545063e+02
-4.782814945263017137e+01,1.654386930285171502e+02,2.116747933428280533e+02
-4.783875718500156182e+01,1.654573020043103782e+02,2.117609838430537934e+02
-4.784517343638974296e+01,1.654684871011446319e+02,2.118127304396426780e+02
-4.784732389038421729e+01,1.654722274554965793e+02,2.118299846785577358e+02
