-6.351292373867403995e+01,1.570743184062818614e+02,1.444632138381768982e+02
-6.350412084800478851e+01,1.570809197315178665e+02,1.444764962203381629e+02
-6.347771954949312345e+01,1.571005735763065729e+02,1.445163627410652225e+02
-6.343392982001829239e+01,1.571334278885579749e+02,1.445828668190641508e+02
-6.337293722040769239e+01,1.571792227447939752e+02,1.446760976984719207e+02
-6.329507949327037863e+01,1.572378388945497818e+02,1.447961793051794928e+02
-6.320080331778854088e+01,1.573091695650625752e+02,1.449432692236716775e+02
-6.309060115985188588e+01,1.573929312604140307e+02,1.451175576488573711e+02
-6.296511147463679237e+01,1.574889791704357265e+02,1.453192658975995641e+02
-6.282501849643074365e+01,1.575969732386659530e+02,1.455486525241200582e+02
-6.267092349594136635e+01,1.577166991896773993e+02,1.458058477974169591e+02
-6.250358663249952684e+01,1.578476544632613070e+02,1.460911216860093873e+02
-6.232351008299603023e+01,1.579898572414443549e+02,1.464044007789856607e+02
-6.213136869202691770e+01,1.581428028640360992e+02,1.467458160821366846e+02
-6.192800473220098212e+01,1.583062222928609799e+02,1.471155243765677199e+02
-6.171414440796787915e+01,1.584797415966513654e+02,1.475135858034045100e+02
-6.149040350346433570e+01,1.586630360447048247e+02,1.479399328106588882e+02
-6.125718263011897591e+01,1.588558348769674637e+02,1.483942951925318994e+02
-6.101506951416204316e+01,1.590578445564267724e+02,1.488765043505740664e+02
-6.076613233036054851e+01,1.592683892569047828e+02,1.493874958577481493e+02
-6.051022786593469505e+01,1.594873025683122307e+02,1.499264807065924003e+02
-6.024680106362516341e+01,1.597144375484231489e+02,1.504923383439728468e+02
-5.997894669031670389e+01,1.599490069739987916e+02,1.510866551060425707e+02
-5.970605938017008185e+01,1.601908737280494677e+02,1.517082052521476783e+02
-5.942723518534783977e+01,1.604399714560701398e+02,1.523555026364557250e+02
-5.914810832760408488e+01,1.606949960835546847e+02,1.530319589782891967e+02
-5.886248021236992400e+01,1.609569298424702595e+02,1.537320237633490478e+02
-5.857891637118514438e+01,1.612238340434628867e+02,1.544612760896800978e+02
-5.828987432539523184e+01,1.614970348446880735e+02,1.552130741472138595e+02
-5.800416700532449710e+01,1.617745187198584063e+02,1.559931326954334168e+02
-5.771374247792498835e+01,1.620576116612942030e+02,1.567943947350153167e+02
-5.742922053712032238e+01,1.623440893675310122e+02,1.576238532368626579e+02
-5.713897290041052202e+01,1.626358362394969390e+02,1.584717340787969988e+02
-5.686017156389735305e+01,1.629294965491205858e+02,1.593498934726594314e+02
-5.657478748618621012e+01,1.632281875010727106e+02,1.602436843611212680e+02
-5.629895815367211753e+01,1.635287365674942919e+02,1.611641418866497304e+02
-5.602239995623879310e+01,1.638326432481619861e+02,1.621024495373840182e+02
-5.575081257570499105e+01,1.641387927564047686e+02,1.630617196833886737e+02
-5.548601624451431036e+01,1.644465721000659642e+02,1.640421775266024156e+02
-5.521934905204218325e+01,1.647571958785528352e+02,1.650361711369480133e+02
-5.496880607902289029e+01,1.650674589205685265e+02,1.660559710686113704e+02
-5.471543860348457144e+01,1.653803297452830918e+02,1.670861913260009715e+02
-5.447379365638055759e+01,1.656931394528951955e+02,1.681365047069449190e+02
-5.423777267410212488e+01,1.660065652023542100e+02,1.692011490776821461e+02
-5.400369120260136668e+01,1.663209977881234352e+02,1.702761314162605117e+02
-5.378660825685324198e+01,1.666338768388857261e+02,1.713714318419370670e+02
-5.356844662664974521e+01,1.669478055260979090e+02,1.724723164364041850e+02
-5.336428719773154228e+01,1.672602323376272579e+02,1.735887647523742032e+02
-5.316703240245759332e+01,1.675718801872993708e+02,1.747142568232572728e+02
-5.297286035488394873e+01,1.678831794983367445e+02,1.758446608482392151e+02
-5.279711425994353391e+01,1.681915492470448328e+02,1.769901382846656475e+02
-5.260613325762906101e+01,1.685264936772672399e+02,1.782362823368641216e+02
-5.245374408395007038e+01,1.688184522123752060e+02,1.793439615633153039e+02
-5.230786160296974430e+01,1.691075029996900696e+02,1.804491591431706752e+02
-5.216600010858992675e+01,1.693942148843524933e+02,1.815509073157614353e+02
-5.204328393243288531e+01,1.696736638981953149e+02,1.826474213657647852e+02
-5.192148007726420644e+01,1.699514023085538668e+02,1.837384753794892731e+02
-5.181284466261620736e+01,1.702233181649984601e+02,1.848224266671016380e+02
-5.171350129437428222e+01,1.704904903108529766e+02,1.858983924514469095e+02
-5.161638315942457922e+01,1.707549261605039419e+02,1.869656450824824105e+02
-5.153804722086545098e+01,1.710111616100063543e+02,1.880223636376983904e+02
-5.146092812301131403e+01,1.712645228170244991e+02,1.890683280396982866e+02
-5.139504506842675369e+01,1.715117933770133050e+02,1.901020447558038313e+02
-5.133745162008854379e+01,1.717535118723057792e+02,1.911226317284211120e+02
-5.128357500217344267e+01,1.719909473795014776e+02,1.921292982696234333e+02
-5.124379113879068370e+01,1.722207883644159381e+02,1.931205720190266106e+02
-5.120494810748154890e+01,1.724468231361869073e+02,1.940960877928287118e+02
-5.117894001556386741e+01,1.726651540175410275e+02,1.950543309141388590e+02
-5.115602781403761412e+01,1.728786215774711366e+02,1.959948107064761871e+02
-5.114126284334938077e+01,1.730855366087069456e+02,1.969163660009664909e+02
-5.113223020785886774e+01,1.732863471210224020e+02,1.978181990451221566e+02
-5.112861987947633224e+01,1.734809979172892156e+02,1.986994352851167207e+02
-5.113153056503193739e+01,1.736690202762883075e+02,1.995591549142863244e+02
-5.113853758443161723e+01,1.738508955091782582e+02,2.003966210898115037e+02
-5.115142229532047935e+01,1.740259964374621688e+02,2.012109255332314603e+02
-5.116810360000496161e+01,1.741947085624932186e+02,2.020013597830027265e+02
-5.118899777156158848e+01,1.743567592866271809e+02,2.027671240096736369e+02
-5.121403850025417626e+01,1.745120226394328142e+02,2.035074648925486258e+02
-5.124103429124892273e+01,1.746609316665194740e+02,2.042217515141278170e+02
-5.127283666416970220e+01,1.748025514179034872e+02,2.049091463826687232e+02
-5.130569149924851757e+01,1.749378687859595232e+02,2.055691440768299856e+02
-5.134096939795103509e+01,1.750662908359351491e+02,2.062010275965404276e+02
-5.137824744340802852e+01,1.751878242908179288e+02,2.068041915997610829e+02
-5.141613851694588533e+01,1.753027485135564802e+02,2.073781034432537638e+02
-5.145460436902315848e+01,1.754109866377070261e+02,2.079221972840476838e+02
-5.149395490280461019e+01,1.755122601229433315e+02,2.084359190928567784e+02
-5.153306462311724090e+01,1.756068130477966065e+02,2.089188125824007898e+02
-5.157151993836435366e+01,1.756947037313321118e+02,2.093704191415980631e+02
-5.160899599295841256e+01,1.757758956395082066e+02,2.097903059155299275e+02
-5.164513361695480143e+01,1.758504686149184977e+02,2.101780743537196088e+02
-5.167954076737584757e+01,1.759184577122628923e+02,2.105333583435444211e+02
-5.171190781960166305e+01,1.759797680857907096e+02,2.108558185418797279e+02
-5.174185906872896368e+01,1.760345021679730166e+02,2.111451534996305952e+02
-5.176905526023524828e+01,1.760827401497613494e+02,2.114010926223344882e+02
-5.179315092425515132e+01,1.761244124062953347e+02,2.116233965038984763e+02
-5.181398005227006109e+01,1.761597547701291262e+02,2.118118555794565907e+02
-5.183126951375535185e+01,1.761885593904281961e+02,2.119662921687834398e+02
-5.184489479861524330e+01,1.762109646168710810e+02,2.120865606983214207e+02
-5.185471634350128767e+01,1.762269511596082339e+02,2.121725478506873230e+02
-5.186064271169797024e+01,1.762365198888645637e+02,2.122241724532216267e+02
-5.186263359437010223e+01,1.762397322792933210e+02,2.122413859908343738e+02
