1.686093808529120111e+02,8.698742889840121961e+01,1.445549380132171109e+02
1.686160277365835327e+02,8.697955282623166795e+01,1.445686925915446466e+02
1.686358363419352884e+02,8.695592789780191367e+01,1.446099750467110425e+02
1.686688081924080223e+02,8.691672393933863816e+01,1.446788308402864232e+02
1.687148155907424325e+02,8.686216955852123078e+01,1.447753380211148624e+02
1.687736195423828178e+02,8.679255563632770532e+01,1.448996044934522729e+02
1.688450822859672655e+02,8.670832875098034265e+01,1.450517673666421956e+02
1.689289189014164947e+02,8.660997861227022554e+01,1.452319918743475284e+02
1.690247742082997604e+02,8.649807009918916378e+01,1.454404701719192872e+02
1.691323354132459542e+02,8.637326611712552449e+01,1.456774044626965292e+02
1.692514142850412782e+02,8.623620303267196618e+01,1.459429064058465144e+02
1.693813817895329521e+02,8.608759574744500753e+01,1.462372207083465128e+02
1.695220775899428247e+02,8.592794244393496683e+01,1.465602872843617490e+02
1.696731192598171560e+02,8.575784091266369558e+01,1.469121320782200257e+02
1.698340681023962873e+02,8.557797240462544153e+01,1.472928111588633442e+02
1.700046018067159821e+02,8.538898214810855336e+01,1.477022883223924055e+02
1.701844455599829473e+02,8.519134445633677899e+01,1.481403704193175770e+02
1.703731535973467430e+02,8.498548386923299347e+01,1.486068445532676492e+02
1.705701682212849448e+02,8.477273175476388190e+01,1.491020605488048432e+02
1.707749209966597164e+02,8.455416494033396191e+01,1.496261768444445011e+02
1.709876345818634888e+02,8.432874575745013601e+01,1.501777747111545125e+02
1.712077587326677133e+02,8.409733640821210088e+01,1.507568053249431159e+02
1.714339112043662681e+02,8.386350130142646719e+01,1.513651082362339366e+02
1.716671451599523834e+02,8.362390696917236710e+01,1.519994991100602704e+02
1.719060974575114926e+02,8.338165447005414421e+01,1.526614587402486620e+02
1.721505352887309641e+02,8.313697269739326146e+01,1.533503265510446170e+02
1.724006429702570244e+02,8.288873650613815869e+01,1.540644496890954827e+02
1.726547013965952715e+02,8.264153179210136102e+01,1.548062468284833528e+02
1.729142708169547404e+02,8.239025916259342353e+01,1.555711409406682719e+02
1.731764243532113028e+02,8.214278497449333827e+01,1.563638825334044782e+02
1.734437151036810008e+02,8.189151011375977873e+01,1.571780031101698683e+02
1.737126263326402125e+02,8.164564887854997721e+01,1.580192086058104906e+02
1.739856828028568714e+02,8.139733080714680113e+01,1.588808204142279976e+02
1.742598929032572528e+02,8.115527228849148855e+01,1.597680399083735949e+02
1.745371739647687832e+02,8.091291965764692407e+01,1.606751363344376671e+02
1.748161925177284957e+02,8.067384636568834821e+01,1.616035926099958147e+02
1.750959016046728038e+02,8.044073312048382718e+01,1.625542342274408156e+02
1.753784759817936560e+02,8.020612241508408147e+01,1.635206358366528718e+02
1.756589152414035198e+02,7.998482261271132643e+01,1.645122665369264325e+02
1.759424477159972469e+02,7.976038734260100682e+01,1.655162005795612856e+02
1.762238656616130470e+02,7.954826696921716689e+01,1.665423347717921558e+02
1.765060355400370042e+02,7.933889911574303255e+01,1.675826742553260544e+02
1.767883270594598457e+02,7.913388040715399541e+01,1.686371583086979626e+02
1.770677983436791010e+02,7.894151424886953805e+01,1.697105492799342699e+02
1.773488328669873226e+02,7.874763853898035393e+01,1.707915221811958872e+02
1.776255470481675047e+02,7.857036153802819456e+01,1.718917662975651979e+02
1.779021004364354894e+02,7.839582178322443440e+01,1.730001905187374405e+02
1.781772333930814796e+02,7.822765500612152323e+01,1.741181395968665981e+02
1.784482683160612737e+02,7.807331249025885711e+01,1.752497323053882212e+02
1.787195206336381261e+02,7.791865779518788315e+01,1.763836470903145255e+02
1.789852533271759114e+02,7.778179267012401965e+01,1.775315036596370533e+02
1.792724075661058407e+02,7.763713498950582448e+01,1.787818932928641686e+02
1.795234888656567307e+02,7.751756735681719590e+01,1.798930386075252841e+02
1.797680185636921237e+02,7.741123899631817551e+01,1.810013238859035312e+02
1.800116070237531858e+02,7.730526161204208790e+01,1.821063170380925555e+02
1.802463872713326509e+02,7.721732332970100288e+01,1.832060376600076665e+02
1.804782106270442057e+02,7.713342264146398009e+01,1.843001129391983000e+02
1.807061461564610454e+02,7.705546569424346615e+01,1.853873725442185503e+02
1.809263108998115399e+02,7.699200422375155028e+01,1.864663148776268429e+02
1.811444993727080259e+02,7.692926667313220435e+01,1.875365755380302915e+02
1.813545471397333131e+02,7.688083351863701864e+01,1.885964124642071624e+02
1.815605565507014489e+02,7.683734091640991437e+01,1.896452603622472850e+02
1.817620249787294142e+02,7.679925446228043029e+01,1.906820605538197242e+02
1.819560140549889411e+02,7.677298466595021864e+01,1.917054677303117955e+02
1.821472418298316427e+02,7.674726535388732884e+01,1.927150436755287615e+02
1.823298941485627154e+02,7.673522769424320700e+01,1.937091298056316759e+02
1.825089402300877737e+02,7.672504981924483047e+01,1.946873443617232340e+02
1.826816165070178499e+02,7.672262010442257463e+01,1.956484237133743420e+02
1.828487194387770955e+02,7.672569541517414393e+01,1.965915329108850074e+02
1.830106547541490443e+02,7.673298233555370018e+01,1.975158067359792824e+02
1.831660845405876330e+02,7.674737847073387798e+01,1.984201875472610936e+02
1.833169070910933272e+02,7.676401026560715479e+01,1.993040277378839562e+02
1.834608784904691277e+02,7.678774335831603537e+01,2.001662083636323928e+02
1.836002845922365623e+02,7.681291149189226530e+01,2.010061638146677296e+02
1.837329962352031600e+02,7.684402173125029378e+01,2.018228352654433024e+02
1.838608665602928625e+02,7.687657323260889086e+01,2.026156438853545296e+02
1.839826435049176609e+02,7.691323417332311863e+01,2.033836714370364405e+02
1.840990445332434433e+02,7.695176584916089269e+01,2.041262692356977482e+02
1.842100399971558602e+02,7.699215911002647772e+01,2.048427048111378781e+02
1.843151125622801203e+02,7.703506563237949933e+01,2.055322340853062428e+02
1.844152183661797153e+02,7.707825312818894758e+01,2.061942895062512378e+02
1.845095530387294218e+02,7.712315561962786603e+01,2.068281417292071751e+02
1.845985528143091017e+02,7.716848677305583237e+01,2.074332279115544679e+02
1.846824948148992007e+02,7.721359824097702074e+01,2.080089834090744887e+02
1.847611287376591349e+02,7.725847514970062946e+01,2.085548355998948296e+02
1.848344382633729026e+02,7.730318168984221927e+01,2.090702423493881099e+02
1.849026592424383750e+02,7.734675429819807846e+01,2.095547398434525803e+02
1.849659011206792343e+02,7.738896086169229704e+01,2.100078613040276423e+02
1.850241343675084806e+02,7.742950387847919558e+01,2.104291710307662413e+02
1.850774355757305329e+02,7.746807791264193099e+01,2.108182670350346655e+02
1.851258810680688782e+02,7.750437823558365835e+01,2.111747790745494626e+02
1.851695126430278435e+02,7.753816256913748362e+01,2.114983657664391501e+02
1.852083236597016480e+02,7.756913177616357302e+01,2.117887197340177465e+02
1.852424859654146871e+02,7.759704145518647067e+01,2.120455674744739269e+02
1.852719908526692052e+02,7.762163159976809368e+01,2.122686658445620935e+02
1.852969500060120538e+02,7.764276186958733206e+01,2.124578022569129132e+02
1.853173342509412294e+02,7.766025732996025965e+01,2.126127965076508133e+02
1.853330823431853389e+02,7.767395779853680438e+01,2.127335009223787097e+02
1.853443554920133636e+02,7.768382729577666623e+01,2.128198006716604311e+02
1.853510883993365894e+02,7.768977105341862455e+01,2.128716131720159410e+02
1.853533395749751094e+02,7.769176334797248273e+01,2.128888893638325328e+02
