2.316598907912344032e+02,1.268167606334389177e+02,1.441514707674328406e+02
2.316666570307073130e+02,1.268044269684592109e+02,1.441620623256828821e+02
2.316868685255396656e+02,1.267674616873515134e+02,1.441938952841015578e+02
2.317204585032375803e+02,1.267060524590441020e+02,1.442471372804739929e+02
2.317672751880228930e+02,1.266204940946578859e+02,1.443220678316577050e+02
2.318269975991051695e+02,1.265111487683278142e+02,1.444190757921251418e+02
2.318993122099844015e+02,1.263785219067161449e+02,1.445386562342358729e+02
2.319838647274393111e+02,1.262232442552216867e+02,1.446814146552710838e+02
2.320802155117833081e+02,1.260458873389517862e+02,1.448478779693934371e+02
2.321881653187768109e+02,1.258470620922875156e+02,1.450384414034701024e+02
2.323070554352701151e+02,1.256274211464163102e+02,1.452537295167160210e+02
2.324364017430984859e+02,1.253879993717846020e+02,1.454946632108152755e+02
2.325755656959778435e+02,1.251296485322728671e+02,1.457619790620033484e+02
2.327242518221953276e+02,1.248527818168305146e+02,1.460556820317175379e+02
2.328819792592245790e+02,1.245583350308054662e+02,1.463764201903078686e+02
2.330479171180129185e+02,1.242477053567394876e+02,1.467254988687807895e+02
2.332212131109709503e+02,1.239220632916285467e+02,1.471039230440273116e+02
2.334019445037021114e+02,1.235813170991438170e+02,1.475107233295986475e+02
2.335898415369764507e+02,1.232257259865960748e+02,1.479454617781413219e+02
2.337839878314121052e+02,1.228570510179639257e+02,1.484097063691989717e+02
2.339827740627827950e+02,1.224781144676328353e+02,1.489065488373759649e+02
2.341873704896844117e+02,1.220863482946723764e+02,1.494314278690237927e+02
2.343969037089356107e+02,1.216836133475541857e+02,1.499858638006785156e+02
2.346093634135700086e+02,1.212734458584248358e+02,1.505738344888067957e+02
2.348266457961222784e+02,1.208521903118515866e+02,1.511890278249980497e+02
2.350458045065932140e+02,1.204253807106222069e+02,1.518381050338176124e+02
2.352684094981333942e+02,1.199898480386466417e+02,1.525153960754912532e+02
2.354927638188555932e+02,1.195490502257733141e+02,1.532244605954558381e+02
2.357190420095058698e+02,1.191023380292465248e+02,1.539631531749312785e+02
2.359463812610497371e+02,1.186511816041102065e+02,1.547322512523079752e+02
2.361747672282179451e+02,1.181959222956336220e+02,1.555307686480048801e+02
2.364033246956097969e+02,1.177381655779114880e+02,1.563595732999110623e+02
2.366326623932042423e+02,1.172765624451707680e+02,1.572153556482848273e+02
2.368595018986940772e+02,1.168177659052125250e+02,1.581059305422749333e+02
2.370893316342252604e+02,1.163505613478013601e+02,1.590141290831462015e+02
2.373143107606494482e+02,1.158909463109795439e+02,1.599607444266407867e+02
2.375423171571125920e+02,1.154229121244946725e+02,1.609218406524149430e+02
2.377644201123117114e+02,1.149647355653891196e+02,1.619213232776110374e+02
2.379876074968728688e+02,1.145019616853136455e+02,1.629374440538605313e+02
2.382074548251462716e+02,1.140439745288386462e+02,1.639815714711136820e+02
2.384246296525576270e+02,1.135891540091690501e+02,1.650498464643636680e+02
2.386414376877627888e+02,1.131330355756352617e+02,1.661342975181343604e+02
2.388518035735961575e+02,1.126882206579440719e+02,1.672507616354810409e+02
2.390628366449599866e+02,1.122397761711610258e+02,1.683767922339041547e+02
2.392673956057613793e+02,1.118031109366708762e+02,1.695319554754429134e+02
2.394700744961166663e+02,1.113681804957696784e+02,1.707006629131060151e+02
2.396698937728519638e+02,1.109375578315056430e+02,1.718846118640176428e+02
2.398640208485579421e+02,1.105172537448216445e+02,1.730903731838652391e+02
2.400578616341853717e+02,1.100955563420585008e+02,1.743000104386900375e+02
2.402431685844122171e+02,1.096905719354183617e+02,1.755366972322231049e+02
2.404271753588790546e+02,1.092867059070945572e+02,1.767771100099074317e+02
2.406157129160319244e+02,1.088710292051948443e+02,1.781027442792348552e+02
2.407777702774517650e+02,1.085120298659607130e+02,1.792850310766687301e+02
2.409375710541116860e+02,1.081567122749369361e+02,1.804648702886946410e+02
2.410860687042204802e+02,1.078253853741558288e+02,1.816403941592855062e+02
2.412330068980131728e+02,1.074963670295810090e+02,1.828112194783577706e+02
2.413722498715586653e+02,1.071832580600151488e+02,1.839757218693391110e+02
2.415052763156586764e+02,1.068832437811715579e+02,1.851328651660524542e+02
2.416359744005972914e+02,1.065873747393384861e+02,1.862818319937046567e+02
2.417554293321330192e+02,1.063161225682208482e+02,1.874207798796853410e+02
2.418729576469556264e+02,1.060485069742999116e+02,1.885493333360395809e+02
2.419828789389158885e+02,1.057974396272216921e+02,1.896659337510719752e+02
2.420870298912334135e+02,1.055588200006138351e+02,1.907696325447090260e+02
2.421876655068809328e+02,1.053278230358198613e+02,1.918595202243704421e+02
2.422791014690485554e+02,1.051173112972387713e+02,1.929340764302986599e+02
2.423686689027223622e+02,1.049106079650708807e+02,1.939928345284768909e+02
2.424490379490905241e+02,1.047247614793833037e+02,1.950341593501257194e+02
2.425262810972687078e+02,1.045457098755949090e+02,1.960575228064263342e+02
2.425971947040912369e+02,1.043811186628302607e+02,1.970616537185102857e+02
2.426631185477808117e+02,1.042277154955990994e+02,1.980456806175307065e+02
2.427242724783583014e+02,1.040852813635856648e+02,1.990086470069935274e+02
2.427796584884544586e+02,1.039559335345621633e+02,1.999495321219293658e+02
2.428310474950135358e+02,1.038357759480692550e+02,2.008675496828539906e+02
2.428768425327909881e+02,1.037286501442007989e+02,2.017616639458968564e+02
2.429187959275653270e+02,1.036303753811318700e+02,2.026311421529677261e+02
2.429559210191351326e+02,1.035434349005033852e+02,2.034750436538875817e+02
2.429888872716588821e+02,1.034660189491534368e+02,2.042926006217048780e+02
2.430182123392559674e+02,1.033970992884765678e+02,2.050830459220690329e+02
2.430428969764999465e+02,1.033389939582016410e+02,2.058455205803397803e+02
2.430650613040766359e+02,1.032868382428807053e+02,2.065794449996559763e+02
2.430827624324591341e+02,1.032451918564154312e+02,2.072839371044243251e+02
2.430976557183123248e+02,1.032101229239055726e+02,2.079584404251688170e+02
2.431101051468388334e+02,1.031807508883347850e+02,2.086023211880452095e+02
2.431192897703321307e+02,1.031592462650531843e+02,2.092148703703699084e+02
2.431260411168713347e+02,1.031432858211934160e+02,2.097955634354399876e+02
2.431308404299711583e+02,1.031320013270120626e+02,2.103438597031017991e+02
2.431337028825055597e+02,1.031251449794878425e+02,2.108592259487615763e+02
2.431349324476677225e+02,1.031223253431263061e+02,2.113411693001339131e+02
2.431346774010926310e+02,1.031228861969040764e+02,2.117892354811697544e+02
2.431332811105812937e+02,1.031261871129756997e+02,2.122030056218559935e+02
2.431310191007712262e+02,1.031315536492468823e+02,2.125820947160176502e+02
2.431281414793556621e+02,1.031383488795231358e+02,2.129261504758282229e+02
2.431248298279782887e+02,1.031461089103906232e+02,2.132348491500413274e+02
2.431213849814729144e+02,1.031543465712882721e+02,2.135079040935790715e+02
2.431178894293056487e+02,1.031625059695753492e+02,2.137450629836701239e+02
2.431146483112475494e+02,1.031701941333275272e+02,2.139461070476477005e+02
2.431117713639773683e+02,1.031770082088732039e+02,2.141108509022009798e+02
2.431093530226297901e+02,1.031826175892737467e+02,2.142391426923099402e+02
2.431075994543342063e+02,1.031868223871034047e+02,2.143308641956333247e+02
2.431065134960969090e+02,1.031894140892204916e+02,2.143859309203380974e+02
2.431060599913190288e+02,1.031902542941512024e+02,2.144042920438151612e+02
