-2.701780353259918499e+01,-5.199594227069158592e+01,7.071318478244275241e+01
-2.701754381045849840e+01,-5.198477367614733424e+01,7.072141433098823882e+01
-2.701811607761542788e+01,-5.197094100818038953e+01,7.073153926768696920e+01
-2.702014708424875877e+01,-5.195410323120274398e+01,7.074376290429810865e+01
-2.702430483571715314e+01,-5.193479220838690225e+01,7.075764390065916132e+01
-2.703124735737721807e+01,-5.191346573066020653e+01,7.077279639109565323e+01
-2.704162484262894850e+01,-5.189058165299040581e+01,7.078883551833061460e+01
-2.705608033130893020e+01,-5.186664358836000588e+01,7.080534403402945998e+01
-2.707524985020226538e+01,-5.184223589437289803e+01,7.082184685676499214e+01
-2.709976257535013389e+01,-5.181805856912085773e+01,7.083778573902620224e+01
-2.713024146221454203e+01,-5.179497050038948913e+01,7.085248780116575062e+01
-2.716730492433361377e+01,-5.177405208907905632e+01,7.086511978768426445e+01
-2.721157060865379762e+01,-5.175670721775153993e+01,7.087461329137660471e+01
-2.726366356721349149e+01,-5.174484849096607775e+01,7.087952849806906386e+01
-2.732398167415212598e+01,-5.173642461977554063e+01,7.088133451548831943e+01
-2.739276751211763283e+01,-5.172682451550498683e+01,7.088337653015378237e+01
-2.747047685830008490e+01,-5.171597173525212554e+01,7.088567221469160984e+01
-2.755754169576624335e+01,-5.170380344574414977e+01,7.088822995589060838e+01
-2.765436847735421466e+01,-5.169026004649527550e+01,7.089105648237422486e+01
-2.776133701230355300e+01,-5.167528536829884445e+01,7.089415674048140659e+01
-2.787879942659847288e+01,-5.165882687134647000e+01,7.089753375213723530e+01
-2.800707920195244682e+01,-5.164083586004425541e+01,7.090118847538262514e+01
-2.814647029592647698e+01,-5.162126771251277546e+01,7.090511966284380208e+01
-2.829723634584449954e+01,-5.160008212525365678e+01,7.090932371781087795e+01
-2.845960995901996782e+01,-5.157724337346527932e+01,7.091379454870552479e+01
-2.863379209448490315e+01,-5.155272060621807384e+01,7.091852344967705335e+01
-2.881995154126552805e+01,-5.152648819613633435e+01,7.092349903704693759e+01
-2.901822447606433997e+01,-5.149852601931641516e+01,7.092870707457392143e+01
-2.922871411734298519e+01,-5.146881976729709152e+01,7.093413033260820555e+01
-2.945149047271280907e+01,-5.143736127935975588e+01,7.093974847197402767e+01
-2.968659018409834971e+01,-5.140414896128043409e+01,7.094553805757054477e+01
-2.993401646812116113e+01,-5.136918818797880704e+01,7.095147257667530027e+01
-3.019373912672225657e+01,-5.133249154258045621e+01,7.095752226319991962e+01
-3.046569466739059706e+01,-5.129407913516618578e+01,7.096365407266378611e+01
-3.074978655526389559e+01,-5.125397909181269540e+01,7.096983194656151284e+01
-3.104588551069243252e+01,-5.121222781753430553e+01,7.097601683155312458e+01
-3.135382987194698146e+01,-5.116887012370818155e+01,7.098216659093763781e+01
-3.167342612322782358e+01,-5.112395964851300789e+01,7.098823641595151912e+01
-3.200444947099150284e+01,-5.107755909061371824e+01,7.099417908638238828e+01
-3.234664443241667442e+01,-5.102974011180639735e+01,7.099994489120466312e+01
-3.269972564242429058e+01,-5.098058369873873374e+01,7.100548231872321026e+01
-3.306337863105323294e+01,-5.093018008402398067e+01,7.101073827763482882e+01
-3.343726065524374036e+01,-5.087862850261835490e+01,7.101565823937393418e+01
-3.382100174671057147e+01,-5.082603733472302565e+01,7.102018707822716692e+01
-3.421420560938819477e+01,-5.077252353049246381e+01,7.102426907397256173e+01
-3.461645079359503541e+01,-5.071821256575811532e+01,7.102784882241058995e+01
-3.502729180755992644e+01,-5.066323789022064261e+01,7.103087160161392433e+01
-3.544626037109384242e+01,-5.060774030471598195e+01,7.103328376699712976e+01
-3.587286678556640140e+01,-5.055186752222394375e+01,7.103503350527994087e+01
-3.630660115795775056e+01,-5.049577319254069607e+01,7.103607095788167669e+01
-3.674693490930673789e+01,-5.043961640373910882e+01,7.103634913373805659e+01
-3.719332204516255302e+01,-5.038356046029672086e+01,7.103582391392495765e+01
-3.764520076269493387e+01,-5.032777220581711930e+01,7.103445491683704915e+01
-3.810199478688271313e+01,-5.027242066387666597e+01,7.103220548198592610e+01
-3.856311503653587636e+01,-5.021767615947704400e+01,7.102904339274209633e+01
-3.902796102386045618e+01,-5.016370888008649587e+01,7.102494085085585596e+01
-3.949592255767716864e+01,-5.011068782550383816e+01,7.101987502274906205e+01
-3.996638119484642715e+01,-5.005877933872865526e+01,7.101382799475686625e+01
-4.043871196645038424e+01,-5.000814593843852407e+01,7.100678713493591943e+01
-4.091228487006676318e+01,-4.995894487801149353e+01,7.099874502492352235e+01
-4.138646660530984178e+01,-4.991132692149959382e+01,7.098969963462766941e+01
-4.186062205749884413e+01,-4.986543500100277271e+01,7.097965424515646760e+01
-4.233411555488240197e+01,-4.982140296767560272e+01,7.096861751499710635e+01
-4.280631191541475289e+01,-4.977935420877184214e+01,7.095660357242917371e+01
-4.327657807563287662e+01,-4.973940022664365301e+01,7.094363204474245777e+01
-4.374428464199046118e+01,-4.970163941866472612e+01,7.092972818223191211e+01
-4.420880757865305810e+01,-4.966615584098385483e+01,7.091492273100917032e+01
-4.466952980735083401e+01,-4.963301832740125263e+01,7.089925205871874425e+01
-4.512584289381224067e+01,-4.960227952942152285e+01,7.088275789314988629e+01
-4.557714865563905704e+01,-4.957397539619393001e+01,7.086548739911815176e+01
-4.602286080075607089e+01,-4.954812449593211454e+01,7.084749273080764453e+01
-4.646240649119778254e+01,-4.952472799069521159e+01,7.082883122036182044e+01
-4.689522785340954414e+01,-4.950376926371829001e+01,7.080956478412912247e+01
-4.732078385224222927e+01,-4.948525587270520276e+01,7.078973114006663536e+01
-4.773855374464802992e+01,-4.946947534214397990e+01,7.076916399133719437e+01
-4.814803418289470471e+01,-4.945679191826461363e+01,7.074763638097195440e+01
-4.854874034018710205e+01,-4.944749674764180725e+01,7.072496449339777769e+01
-4.894021156851923848e+01,-4.944180707086013626e+01,7.070100880736077897e+01
-4.932201526725229002e+01,-4.943986723408622197e+01,7.067567287785509222e+01
-4.969375025277427227e+01,-4.944175134752962464e+01,7.064890184941958751e+01
-5.005504978788759018e+01,-4.944746723661470611e+01,7.062068044843540804e+01
-5.040558375712936368e+01,-4.945696084918194657e+01,7.059102960815938843e+01
-5.074505960902311585e+01,-4.947012229139163253e+01,7.056000395145680670e+01
-5.107322168512884275e+01,-4.948679150182093167e+01,7.052768798138446016e+01
-5.138984929191357764e+01,-4.950676436713151674e+01,7.049419279495560886e+01
-5.169475423163511607e+01,-4.952979894882873424e+01,7.045965328130944272e+01
-5.198777831734911103e+01,-4.955562083055815492e+01,7.042422452518935927e+01
-5.226879082447873515e+01,-4.958392866201414506e+01,7.038807909025484832e+01
-5.253768835978615925e+01,-4.961439949904273305e+01,7.035140432131714761e+01
-5.279439614150128079e+01,-4.964669391819132471e+01,7.031439879155682604e+01
-5.303886903976632539e+01,-4.968046154406249570e+01,7.027726887490392471e+01
-5.327109236454639785e+01,-4.971534680019075836e+01,7.024022550627942962e+01
-5.349108241625837934e+01,-4.975099431622565049e+01,7.020348061147673491e+01
-5.369888684000464707e+01,-4.978705398798338422e+01,7.016724344608395825e+01
-5.389458483275377887e+01,-4.982318597602375121e+01,7.013171745142270197e+01
-5.407828719867885070e+01,-4.985906528925135461e+01,7.009709729793614486e+01
-5.425013625772451320e+01,-4.989438579467442736e+01,7.006356603186370080e+01
-5.441030562495645739e+01,-4.992886370745622315e+01,7.003129251059061744e+01
-5.455899986878502261e+01,-4.996224051920973608e+01,7.000042914646793690e+01
-5.469645406364398355e+01,-4.999428545066820107e+01,6.997111013010110980e+01
-5.482293323499351345e+01,-5.002479729778185202e+01,6.994344997242077966e+01
-5.493873170464276967e+01,-5.005360569791552194e+01,6.991754240125014519e+01
-5.504417234369235956e+01,-5.008057185212958728e+01,6.989345963740116474e+01
-5.513960573844088486e+01,-5.010558872964260502e+01,6.987125204014120072e+01
-5.522540927407938938e+01,-5.012858078784493188e+01,6.985094810322982539e+01
-5.530198613964191878e+01,-5.014950323293792422e+01,6.983255475503624154e+01
-5.536976426173978183e+01,-5.016834092047007232e+01,6.981605800620675950e+01
-5.542919516926648527e+01,-5.018644030151575919e+01,6.980046519052469023e+01
-5.548075279058732434e+01,-5.020530556806098588e+01,6.978466824453914796e+01
-5.552493218901587824e+01,-5.022461386149281992e+01,6.976887213443887958e+01
-5.556224824024197773e+01,-5.024406897665884486e+01,6.975326347677400918e+01
-5.559323425545575503e+01,-5.026340232611998715e+01,6.973800970290413659e+01
-5.561844055401132181e+01,-5.028236770015229951e+01,6.972326268620315659e+01
-5.563843298948255978e+01,-5.030073622756484752e+01,6.970916223504343634e+01
-5.565379143306583387e+01,-5.031829095123977424e+01,6.969583987833323135e+01
-5.566510821838318179e+01,-5.033482022913506171e+01,6.968342351724811579e+01
-5.567298655183379452e+01,-5.035010865309136818e+01,6.967204389174980861e+01
-5.567803889273019280e+01,-5.036392293858177283e+01,6.966184470700602560e+01
-5.568088530753671250e+01,-5.037598718373331508e+01,6.965300047515442827e+01
-5.568215180260092723e+01,-5.038593601520454257e+01,6.964575038310489674e+01
-5.568246863983171124e+01,-5.039400710627499080e+01,6.963989714868009173e+01
-5.568215180260092723e+01,-5.040209025521640029e+01,6.963406057712749941e+01
-5.568088530753671250e+01,-5.041208729212669937e+01,6.962687710057463164e+01
-5.567803889273019280e+01,-5.042425991541087171e+01,6.961818263736502388e+01
-5.567298655183379452e+01,-5.043826669874308521e+01,6.960824946698834026e+01
-5.566510821838321021e+01,-5.045385562068565832e+01,6.959728510215408903e+01
-5.565379143306609677e+01,-5.047081724625795829e+01,6.958546620591626208e+01
-5.563843298948437877e+01,-5.048896004458786280e+01,6.957295651445799933e+01
-5.561844055402102782e+01,-5.050809635871645042e+01,6.955991707413949143e+01
-5.559323425549863629e+01,-5.052803342411266385e+01,6.954651284580164372e+01
-5.556224824040454280e+01,-5.054856688703360135e+01,6.953291751866612458e+01
-5.552493218955878973e+01,-5.056947551286980769e+01,6.951931747937221928e+01
-5.548075279221757228e+01,-5.059051629285008289e+01,6.950591550649356520e+01
-5.542919517373709937e+01,-5.061141936051347301e+01,6.949293461380405290e+01
-5.536976427307272530e+01,-5.063188908700521296e+01,6.948061739543452120e+01
-5.530198616665278166e+01,-5.065344825865433620e+01,6.946788148106907101e+01
-5.522540933536121344e+01,-5.067746073480518731e+01,6.945375825552812898e+01
-5.513960587144932646e+01,-5.070393507395851884e+01,6.943826647309151667e+01
-5.504417262099846653e+01,-5.073285070105424666e+01,6.942144650697937891e+01
-5.493873226191279002e+01,-5.076415695275350259e+01,6.940336118752895800e+01
-5.482293431760705715e+01,-5.079777256829726895e+01,6.938409640448654159e+01
-5.469645610204050712e+01,-5.083358561725381719e+01,6.936376136417194971e+01
-5.455900359684457612e+01,-5.087145391839139563e+01,6.934248849029535222e+01
-5.441031226115210018e+01,-5.091120598108300754e+01,6.932043293990913924e+01
-5.425014777559595558e+01,-5.095264249131106027e+01,6.929777170919710727e+01
-5.407830672152049090e+01,-5.099553833545623860e+01,6.927470228217336512e+01
-5.389461719742103440e+01,-5.103964514382846573e+01,6.925144077927582487e+01
-5.369893938657657628e+01,-5.108469447546912079e+01,6.922821977200304389e+01
-5.349116607417892766e+01,-5.113040152146957951e+01,6.920528561741431872e+01
-5.327122312220781453e+01,-5.117646931122008880e+01,6.918289533226031551e+01
-5.303906990408437849e+01,-5.122259328359899655e+01,6.916131287974243946e+01
-5.279469971827467134e+01,-5.126846627999981365e+01,6.914080502273507989e+01
-5.253814021730433126e+01,-5.131378419684490666e+01,6.912163715301137756e+01
-5.226945384678622730e+01,-5.135825185528103987e+01,6.910406859658530720e+01
-5.198873831865817863e+01,-5.140158892123211132e+01,6.908834727274559384e+01
-5.169612720544618156e+01,-5.144353627129117967e+01,6.907470433255043929e+01
-5.139179065257784629e+01,-5.148386280527763148e+01,6.906334885064065077e+01
-5.107593445492609163e+01,-5.152237194679703691e+01,6.905446189570535864e+01
-5.074879653811230895e+01,-5.155890774190491754e+01,6.904819109343716832e+01
-5.041064339246524639e+01,-5.159336065676270522e+01,6.904464651701816535e+01
-5.006176622501762807e+01,-5.162567177428508813e+01,6.904389643932411502e+01
-4.970247750427073186e+01,-5.165583615555985375e+01,6.904596424835330026e+01
-4.933310864397112283e+01,-5.168390550271540462e+01,6.905082668084328645e+01
-4.895400900781262976e+01,-5.170998902340675585e+01,6.905841164500078833e+01
-4.856554614275162152e+01,-5.173425434703673176e+01,6.906859780112915814e+01
-4.816810665792412038e+01,-5.175692721081631475e+01,6.908121398514671796e+01
-4.776209733532530777e+01,-5.177829050535491007e+01,6.909603920599829507e+01
-4.734794669712185566e+01,-5.179868309856583153e+01,6.911280376600302588e+01
-4.692610818441822573e+01,-5.181849676419824391e+01,6.913119014504694348e+01
-4.649705884413991441e+01,-5.183803075532269133e+01,6.915094289028846219e+01
-4.606129380827091069e+01,-5.185729270625937204e+01,6.917201731456195546e+01
-4.561932709227301075e+01,-5.187624926401762337e+01,6.919439231582084915e+01
-4.517169070299393496e+01,-5.189486666547401228e+01,6.921803939457574018e+01
-4.471893329636254322e+01,-5.191311129355345599e+01,6.924292290417365336e+01
-4.426161885494154546e+01,-5.193094981560565770e+01,6.926899982801074884e+01
-4.380032531410945751e+01,-5.194834967021310490e+01,6.929622009201531796e+01
-4.333564319789878994e+01,-5.196527935643329954e+01,6.932452667659502765e+01
-4.286817415145775811e+01,-5.198170887970343301e+01,6.935385599694838277e+01
-4.239852948636083596e+01,-5.199761006999766977e+01,6.938413817133829298e+01
-4.192732859602572404e+01,-5.201295701708917107e+01,6.941529750462555626e+01
-4.145519740806567199e+01,-5.202772644150629588e+01,6.944725294679271599e+01
-4.098276663408461218e+01,-5.204189809040980208e+01,6.947991865098526887e+01
-4.051066969468237033e+01,-5.205545509886950839e+01,6.951320466306157186e+01
-4.003954049294197404e+01,-5.206838409967893710e+01,6.954701767389154554e+01
-3.957001176301812251e+01,-5.208067532012631062e+01,6.958126196599157254e+01
-3.910271325477350501e+01,-5.209232247931319648e+01,6.961584015215838406e+01
-3.863827011482054274e+01,-5.210332287170350440e+01,6.965065420125988283e+01
-3.817730103347159343e+01,-5.211367713695544523e+01,6.968560606987136907e+01
-3.772041663296742087e+01,-5.212338933465871094e+01,6.972059875312724841e+01
-3.726821760495605673e+01,-5.213246659209014666e+01,6.975553676343898246e+01
-3.682129312346967254e+01,-5.214091916911777957e+01,6.979032715324753156e+01
-3.638021900726173641e+01,-5.214876000410522039e+01,6.982487981796823817e+01
-3.594555617229229938e+01,-5.215600475790680690e+01,6.985910842905474283e+01
-3.551784886256283613e+01,-5.216267130518770045e+01,6.989293058124152935e+01
-3.509762314806758354e+01,-5.216877972396566321e+01,6.992626855236052563e+01
-3.468538528076043548e+01,-5.217435182096733115e+01,6.995904937990752614e+01
-3.428162023026445837e+01,-5.217941098145774959e+01,6.999120530507120463e+01
-3.388679025414664636e+01,-5.218398186974636133e+01,7.002267394076176288e+01
-3.350133351259208325e+01,-5.218809007453989324e+01,7.005339825986045810e+01
-3.312566283825379543e+01,-5.219176213581602042e+01,7.008332699956716283e+01
-3.276016434163508251e+01,-5.219502490552261520e+01,7.011241411245877941e+01
-3.240519634479210254e+01,-5.219790564436443958e+01,7.014061915233610023e+01
-3.206108821601139880e+01,-5.220043156614020319e+01,7.016790686645973096e+01
-3.172813937896515668e+01,-5.220262967013616873e+01,7.019424712435575486e+01
-3.140661847531686135e+01,-5.220452675561706712e+01,7.021961504386869990e+01
-3.109676247503598390e+01,-5.220614890650941931e+01,7.024399035982668238e+01
-3.079877602223384159e+01,-5.220752150488603149e+01,7.026735746159393159e+01
-3.051283085581970411e+01,-5.220866914866483910e+01,7.028970526351474746e+01
-3.023906525999057848e+01,-5.220961529433819948e+01,7.031102667017094632e+01
-2.997758369876035189e+01,-5.221038226190948706e+01,7.033131849770981603e+01
-2.972845655407473586e+01,-5.221099126173588445e+01,7.035058139740289107e+01
-2.949171990340350291e+01,-5.221146214939784613e+01,7.036881938907630740e+01
-2.926737543867229263e+01,-5.221181338495865987e+01,7.038603964956806180e+01
-2.905539050456928152e+01,-5.221206210949792137e+01,7.040225244272525629e+01
-2.885569820990030365e+01,-5.221222412938023183e+01,7.041747091335491859e+01
-2.866819761769783170e+01,-5.221231383122943726e+01,7.043171078489527304e+01
-2.849275406084836604e+01,-5.221234420996643877e+01,7.044499020544495238e+01
-2.832919955463347605e+01,-5.221232691706947548e+01,7.045732961315685827e+01
-2.817733330458005625e+01,-5.221227234757812141e+01,7.046875164813410208e+01
-2.803692229186270879e+01,-5.221218965916299481e+01,7.047928096940287901e+01
-2.790770194788327174e+01,-5.221208681277310149e+01,7.048894409992252008e+01
-2.778937691813574062e+01,-5.221197064872472282e+01,7.049776932031412002e+01
-2.768162190838316050e+01,-5.221184696616700194e+01,7.050578656971852354e+01
-2.758408261057444477e+01,-5.221172060448935781e+01,7.051302735329697668e+01
-2.749637670574208670e+01,-5.221159552561461226e+01,7.051952465623674016e+01
-2.741809494127264912e+01,-5.221147489952329579e+01,7.052531286858332749e+01
-2.734880227823822452e+01,-5.221136118289804529e+01,7.053042770823380181e+01
-2.728803855470917483e+01,-5.221124567769567193e+01,7.053491396428009352e+01
-2.723508403427507574e+01,-5.220660892543963172e+01,7.054217278073167563e+01
-2.718933054168846652e+01,-5.219547841858680925e+01,7.055370880181867221e+01
-2.715035612187075031e+01,-5.217982758358181883e+01,7.056809065628426936e+01
-2.711769334369687812e+01,-5.216112649869187123e+01,7.058426291353612214e+01
-2.709084045361141690e+01,-5.214052654399957731e+01,7.060140924711598132e+01
-2.706926822436901858e+01,-5.211896178547064551e+01,7.061887709136129843e+01
-2.705242478976616383e+01,-5.209721102621388411e+01,7.063613135233913454e+01
-2.703973950454773245e+01,-5.207594050203368852e+01,7.065272242635661826e+01
-2.703062640095268421e+01,-5.205573824795636995e+01,7.066826038859719006e+01
-2.702448767865466550e+01,-5.203714858513830421e+01,7.068238911623852516e+01
-2.702071777836200539e+01,-5.202071734956484050e+01,7.069475250338406624e+01
-2.701870896136186317e+01,-5.200706560165433245e+01,7.070493966348914228e+01
-2.701780353259918499e+01,-5.199594227069158592e+01,7.071318478244275241e+01
