-2.540884082066643401e+01,6.251114884178704756e+01,8.759048441562356402e+01
-2.540810286177372390e+01,6.252240057918836413e+01,8.758250781174334065e+01
-2.540807981138971527e+01,6.253629649372959420e+01,8.757258799534807281e+01
-2.540938168217556736e+01,6.255315197794291748e+01,8.756045260897228388e+01
-2.541269704695185183e+01,6.257240219405861126e+01,8.754645176478862822e+01
-2.541870135036477052e+01,6.259355750725043066e+01,8.753088305703995786e+01
-2.542806222690061091e+01,6.261612893316716111e+01,8.751404451280413355e+01
-2.544144213328769766e+01,6.263958231419505296e+01,8.749626727397485126e+01
-2.545949998474895182e+01,6.266330333300096100e+01,8.747794065384893258e+01
-2.548289280836829462e+01,6.268656265257194349e+01,8.745953713756833281e+01
-2.551227822040473825e+01,6.270847266418096666e+01,8.744164334759676649e+01
-2.554831877902853776e+01,6.272792472718313661e+01,8.742500483377388321e+01
-2.559169011378046932e+01,6.274348676056404628e+01,8.741059893085210319e+01
-2.564309700765320699e+01,6.275321689165963335e+01,8.739976701130035508e+01
-2.570284825274048046e+01,6.275915357450173815e+01,8.739102099898207143e+01
-2.577098843607509693e+01,6.276590330772933157e+01,8.738104509920415808e+01
-2.584796872754941433e+01,6.277351801437815482e+01,8.736976136373651514e+01
-2.593421722220935521e+01,6.278203582572075447e+01,8.735710214909104820e+01
-2.603013677463193076e+01,6.279149146439431206e+01,8.734300272497723938e+01
-2.613610390770517355e+01,6.280191601508087018e+01,8.732740143770070063e+01
-2.625246779800026786e+01,6.281333668989537955e+01,8.731023988779460865e+01
-2.637954934072384816e+01,6.282577658686450661e+01,8.729146312396598262e+01
-2.651764029714643200e+01,6.283925444081600631e+01,8.727101985572353726e+01
-2.666700252722828068e+01,6.285378436653365952e+01,8.724886268646697829e+01
-2.682786731206561015e+01,6.286937560384472334e+01,8.722494838092148939e+01
-2.700043477487144727e+01,6.288603229405445916e+01,8.719923820652834934e+01
-2.718487338052255353e+01,6.290375319531221265e+01,8.717169821771379645e+01
-2.738131952927025736e+01,6.292253140111640874e+01,8.714229956778115138e+01
-2.758987724702431166e+01,6.294235407205107435e+01,8.711101885617613050e+01
-2.781061797178682937e+01,6.296320219832190901e+01,8.707783852705259164e+01
-2.804358043357409258e+01,6.298505045966205529e+01,8.704274739179538756e+01
-2.828877059173898445e+01,6.300786695993646447e+01,8.700574094195231112e+01
-2.854616167949320271e+01,6.303161301270362316e+01,8.696682169324408562e+01
-2.881569436318725153e+01,6.305624305001849450e+01,8.692599965019805097e+01
-2.909727701443839720e+01,6.308170466033369195e+01,8.688329288282733387e+01
-2.939078598405390963e+01,6.310793840456484105e+01,8.683872771490941034e+01
-2.969606599490077414e+01,6.313487780736640076e+01,8.679233905496813861e+01
-3.001293068919785156e+01,6.316244963776772892e+01,8.674417100856508966e+01
-3.034116313246640928e+01,6.319057391241177868e+01,8.669427697530340993e+01
-3.068051641755261727e+01,6.321916404843653936e+01,8.664271980302305565e+01
-3.103071444924760414e+01,6.324812740052453819e+01,8.658957230461241750e+01
-3.139145261190573422e+01,6.327736540447224201e+01,8.653491705734462869e+01
-3.176239861712418033e+01,6.330677409545499756e+01,8.647884652747512746e+01
-3.214319342929861989e+01,6.333624476944928006e+01,8.642146319191058979e+01
-3.253345208243352005e+01,6.336566433733933934e+01,8.636287903570712388e+01
-3.293276478717629630e+01,6.339491629380719928e+01,8.630321568128464094e+01
-3.334069787655398898e+01,6.342388124029370289e+01,8.624260370432031664e+01
-3.375679509237269116e+01,6.345243779243136828e+01,8.618118232701806392e+01
-3.418057878968162555e+01,6.348046335101872018e+01,8.611909883315445313e+01
-3.461155113654110238e+01,6.350783486159301106e+01,8.605650783445759089e+01
-3.504919544484189942e+01,6.353442978117997342e+01,8.599357067955304501e+01
-3.549297738517205403e+01,6.356012677728840998e+01,8.593045437464493830e+01
-3.594234643302419130e+01,6.358480675998997356e+01,8.586733084594973775e+01
-3.639673712880478718e+01,6.360835358195463840e+01,8.580437566069996080e+01
-3.685557059853378803e+01,6.363065504468756473e+01,8.574176708952116144e+01
-3.731825587297596059e+01,6.365160360165544517e+01,8.567968470761640276e+01
-3.778419145782709165e+01,6.367109727833097566e+01,8.561830825910182341e+01
-3.825276671679805673e+01,6.368904036358543408e+01,8.555781620681140964e+01
-3.872336347720807481e+01,6.370534420704662182e+01,8.549838444256128867e+01
-3.919535747737772624e+01,6.371992787408714776e+01,8.544018484809090808e+01
-3.966811999889633000e+01,6.373271879775717252e+01,8.538338391890931689e+01
-4.014101929937882574e+01,6.374365337553744126e+01,8.532814140220577315e+01
-4.061342139934968287e+01,6.375267759518445843e+01,8.527460890662069914e+01
-4.108469071824853813e+01,6.375974796008019752e+01,8.522292843919335326e+01
-4.155419157599595792e+01,6.376483234761919761e+01,8.517323073590736726e+01
-4.202128975525364751e+01,6.376791088828722565e+01,8.512563383878263323e+01
-4.248535417083409982e+01,6.376897660518361022e+01,8.508024162966502502e+01
-4.294575854016229499e+01,6.376803607424036358e+01,8.503714270610441872e+01
-4.340188311836544699e+01,6.376510980101438975e+01,8.499640922441722068e+01
-4.385311642406723109e+01,6.376023263916093953e+01,8.495809616666764441e+01
-4.429885696909570214e+01,6.375345386860728070e+01,8.492224053448951793e+01
-4.473851493723331885e+01,6.374483740395021414e+01,8.488886109589469697e+01
-4.517151375945505976e+01,6.373446155377421718e+01,8.485795789405058542e+01
-4.559729241269767641e+01,6.372237867341093676e+01,8.482954285101450864e+01
-4.601531061931709843e+01,6.370836541141661513e+01,8.480382637367671350e+01
-4.642504251949196004e+01,6.369212180902781029e+01,8.478106938020414418e+01
-4.682597771721601987e+01,6.367341619054101898e+01,8.476147347325550641e+01
-4.721763064599079485e+01,6.365208592536247068e+01,8.474518081160422867e+01
-4.759954673386672397e+01,6.362803462269380361e+01,8.473227511918088339e+01
-4.797130774607492754e+01,6.360122876625879940e+01,8.472278495325130621e+01
-4.833253651203827417e+01,6.357169277722324097e+01,8.471668750310443841e+01
-4.868290022339326839e+01,6.353950306452279051e+01,8.471391314613448742e+01
-4.902211147641397559e+01,6.350478219634030097e+01,8.471435142362393833e+01
-4.934992645361959518e+01,6.346769223153442852e+01,8.471785607520499184e+01
-4.966614087731161931e+01,6.342842924070684063e+01,8.472425082622601167e+01
-4.997058496043117515e+01,6.338721836151230349e+01,8.473333446951411929e+01
-5.026311841720243478e+01,6.334430904515468796e+01,8.474488473801540067e+01
-5.054362539160968026e+01,6.329997167374117595e+01,8.475866248677429837e+01
-5.081201380764515108e+01,6.325449412655263615e+01,8.477441497187687958e+01
-5.106821739385362235e+01,6.320817751919820893e+01,8.479187884495775052e+01
-5.131219736008716126e+01,6.316133195291726565e+01,8.481078402523681348e+01
-5.154394365890021135e+01,6.311427197779336495e+01,8.483085762580520850e+01
-5.176347590691610634e+01,6.306731179005110022e+01,8.485182760647225564e+01
-5.197084403808236175e+01,6.302076047055689401e+01,8.487342627390643202e+01
-5.216612875420197781e+01,6.297491769343066892e+01,8.489539396629592716e+01
-5.234944176181389253e+01,6.293006956392851947e+01,8.491748226740610050e+01
-5.252092582637061469e+01,6.288648477504678880e+01,8.493945684490664405e+01
-5.268075466141046093e+01,6.284441114511935922e+01,8.496109987239772465e+01
-5.282913267616221020e+01,6.280407268706689905e+01,8.498221214720537375e+01
-5.296629459389607320e+01,6.276566723179543317e+01,8.500261487443960107e+01
-5.309250494265887710e+01,6.272936450284938559e+01,8.502215094664650508e+01
-5.320805743420109479e+01,6.269530471571056296e+01,8.504068581324351328e+01
-5.331327424053626629e+01,6.266359770009971442e+01,8.505810795726942786e+01
-5.340850517610177661e+01,6.263432252823229618e+01,8.507432899817666794e+01
-5.349412679188375108e+01,6.260752761404617672e+01,8.508928343444976861e+01
-5.357054138941815324e+01,6.258323127196038627e+01,8.510292808843817625e+01
-5.363817595967953622e+01,6.256142268746916102e+01,8.511524128036786863e+01
-5.369748104983337100e+01,6.254074292171607397e+01,8.512719174381160769e+01
-5.374892956343441597e+01,6.251967501435299113e+01,8.513986242821044925e+01
-5.379301549858990228e+01,6.249851050848781142e+01,8.515300686805329633e+01
-5.383025262784866527e+01,6.247751513832704262e+01,8.516639798325628874e+01
-5.386117312373222887e+01,6.245692775782279682e+01,8.517982876083989652e+01
-5.388632613388710269e+01,6.243696541460886351e+01,8.519310842393211658e+01
-5.390627630974318407e+01,6.241782823415956472e+01,8.520605874939471391e+01
-5.392160229264779048e+01,6.239970469929419750e+01,8.521851010890632949e+01
-5.393289516153167540e+01,6.238277811199171907e+01,8.523029666066030074e+01
-5.394075684624966982e+01,6.236723553969356715e+01,8.524124974209817651e+01
-5.394579851082390576e+01,6.235328178007322464e+01,8.525118761360417352e+01
-5.394863891089719488e+01,6.234116391507282628e+01,8.525989748333024920e+01
-5.394990272977695156e+01,6.233121787131135960e+01,8.526710147018494013e+01
-5.395021889751389921e+01,6.232317992926812167e+01,8.527295981441234574e+01
-5.394990272977695156e+01,6.231515753784376699e+01,8.527883943559160684e+01
-5.394863891089719488e+01,6.230527366044557169e+01,8.528612848084351583e+01
-5.394579851082390576e+01,6.229329554657113022e+01,8.529502956340826358e+01
-5.394075684624968403e+01,6.227958995832232603e+01,8.530530699248204485e+01
-5.393289516153173935e+01,6.226443466485726930e+01,8.531678996364009038e+01
-5.392160229264827365e+01,6.224806500999402203e+01,8.532933853167058658e+01
-5.390627630974648099e+01,6.223069849430033429e+01,8.534282567378352269e+01
-5.388632613390476678e+01,6.221254878742420402e+01,8.535712709838071532e+01
-5.386117312381031041e+01,6.219383473986019339e+01,8.537211472736369444e+01
-5.383025262814466316e+01,6.217478692629122605e+01,8.538765199939537354e+01
-5.379301549957836670e+01,6.215565302063409803e+01,8.540359004175238056e+01
-5.374892956640252351e+01,6.213670278751416731e+01,8.541976413490944253e+01
-5.369748105797282989e+01,6.211823327287592633e+01,8.543599004148511256e+01
-5.363817598031294409e+01,6.210056782882628568e+01,8.545206482022575756e+01
-5.357054143859564732e+01,6.208221402360877050e+01,8.546910498613360119e+01
-5.349412690345672416e+01,6.206183622755110463e+01,8.548811117543043281e+01
-5.340850541826377196e+01,6.203945180211618293e+01,8.550910028091701065e+01
-5.331327474541313904e+01,6.201510742553482203e+01,8.553206797544709161e+01
-5.320805844879178892e+01,6.198888016564546888e+01,8.555698804306791772e+01
-5.309250691370904462e+01,6.196087816367006695e+01,8.558381202381727348e+01
-5.296629830507390579e+01,6.193124088549664918e+01,8.561246921136084609e+01
-5.282913946358114288e+01,6.190013887291103600e+01,8.564286699818222814e+01
-5.268076674343004839e+01,6.186777296456078545e+01,8.567489160131833614e+01
-5.252094679600860871e+01,6.183437295482205798e+01,8.570840918446349121e+01
-5.234947730528862309e+01,6.180019566157366029e+01,8.574326737976744539e+01
-5.216618767734961182e+01,6.176552231989494146e+01,8.577929712021376929e+01
-5.197093970392911899e+01,6.173065541275599344e+01,8.581631494462912713e+01
-5.176362821296084604e+01,6.169591494758992667e+01,8.585412577882131302e+01
-5.154418171240534718e+01,6.166163408423560810e+01,8.589252603573525846e+01
-5.131256304532433177e+01,6.162815412922117275e+01,8.593130701422376205e+01
-5.106877006942949748e+01,6.159581880859305159e+01,8.597025842091709080e+01
-5.081283642963393277e+01,6.156496826855522642e+01,8.600917258194547799e+01
-5.054483243831847972e+01,6.153593252082914233e+01,8.604784889199750353e+01
-5.026486611001737259e+01,6.150902418811347161e+01,8.608609824958811885e+01
-4.997308446119450309e+01,6.148453069309854868e+01,8.612374765690275069e+01
-4.966967511402072688e+01,6.146270636656407049e+01,8.616064567202212743e+01
-4.935486502860696589e+01,6.144376408033527071e+01,8.619666769055640998e+01
-4.902891453266908428e+01,6.142786753199580829e+01,8.623172050874498495e+01
-4.869211129743976585e+01,6.141512549574292024e+01,8.626574688272215496e+01
-4.834476388826630711e+01,6.140558713256248069e+01,8.629872848884076575e+01
-4.798719600857471335e+01,6.139923873610435123e+01,8.633068748904494782e+01
-4.761974287162929897e+01,6.139600265020419556e+01,8.636168796381730317e+01
-4.724275005345091216e+01,6.139573652260816772e+01,8.639183527809971963e+01
-4.685657456517371600e+01,6.139823386197692656e+01,8.642127544622715618e+01
-4.646158723318594497e+01,6.140322522453563892e+01,8.645019404099225824e+01
-4.605817550758546730e+01,6.141037941839592662e+01,8.647881398760016225e+01
-4.564674719163311778e+01,6.141930602170945974e+01,8.650739414845031661e+01
-4.522773717779369207e+01,6.142955754377364030e+01,8.653622593828839626e+01
-4.480160606265073397e+01,6.144077801461257593e+01,8.656552853094738964e+01
-4.436883116562041351e+01,6.145290499247099092e+01,8.659530556614640773e+01
-4.392990907139635937e+01,6.146591517271218663e+01,8.662552583944919604e+01
-4.348535513693158805e+01,6.147978274573159752e+01,8.665615268787054504e+01
-4.303570222017442859e+01,6.149447916332119490e+01,8.668714431370672457e+01
-4.258149945701849504e+01,6.150997298623807552e+01,8.671845420705012941e+01
-4.212331100903114134e+01,6.152622965788081189e+01,8.675003147552460803e+01
-4.166171479418009227e+01,6.154321146376916829e+01,8.678182146108986217e+01
-4.119730114042814506e+01,6.156087734611116957e+01,8.681376618222546426e+01
-4.073067138734300840e+01,6.157918291647990117e+01,8.684580508299904977e+01
-4.026243639528360774e+01,6.159808033629706614e+01,8.687787561619647647e+01
-3.979321498865147078e+01,6.161751836435619367e+01,8.690991407163092219e+01
-3.932363222948825410e+01,6.163744231940656704e+01,8.694185627765672564e+01
-3.885431689749823647e+01,6.165779429163209358e+01,8.697363845327667775e+01
-3.838589894832507809e+01,6.167851359139318390e+01,8.700519773860705186e+01
-3.791900774906937954e+01,6.169953740730009173e+01,8.703647266983287523e+01
-3.745427032751242535e+01,6.172080141185303859e+01,8.706740352822465923e+01
-3.699230965000634797e+01,6.174224044478169304e+01,8.709793277272451917e+01
-3.653374282995439160e+01,6.176378910688552537e+01,8.712800533062082309e+01
-3.607917939351271741e+01,6.178538242746778053e+01,8.715756898662324659e+01
-3.562921947852621685e+01,6.180695640141456693e+01,8.718657459252492004e+01
-3.518445210709776916e+01,6.182844859672094628e+01,8.721497639004087432e+01
-3.474545341596856929e+01,6.184979861172294591e+01,8.724273214400582788e+01
-3.431278494943312296e+01,6.187094856799794940e+01,8.726980335590907600e+01
-3.388699197169342625e+01,6.189184349568765242e+01,8.729615536228627093e+01
-3.346860178820566034e+01,6.191243165177425567e+01,8.732175738056189118e+01
-3.305812219516002415e+01,6.193266487341175974e+01,8.734658265050725845e+01
-3.265603983765448959e+01,6.195249864534710582e+01,8.737060822145731720e+01
-3.226281887833470563e+01,6.197189245319797379e+01,8.739381519979282587e+01
-3.187889952192287168e+01,6.199080958256554652e+01,8.741618832285641361e+01
-3.150469677792996492e+01,6.200921737623251317e+01,8.743771627397120483e+01
-3.114059903905376103e+01,6.202708695943028516e+01,8.745839126767830862e+01
-3.078696688779272606e+01,6.204439324399302080e+01,8.747820903527787095e+01
-3.044413200009168463e+01,6.206111489400938552e+01,8.749716876194365511e+01
-3.011239601821439749e+01,6.207723397268285481e+01,8.751527257946418104e+01
-2.979202972270961070e+01,6.209273604724357654e+01,8.753252570931944376e+01
-2.948327215697981529e+01,6.210760988601911947e+01,8.754893603491645138e+01
-2.918632988259358640e+01,6.212184721235884410e+01,8.756451375806533122e+01
-2.890137644886891977e+01,6.213544274187555061e+01,8.757927145889290443e+01
-2.862855184354373250e+01,6.214839385130180460e+01,8.759322364069956279e+01
-2.836796208561948873e+01,6.216070034768266339e+01,8.760638642080594707e+01
-2.811967899087989053e+01,6.217236444098131898e+01,8.761877751293990002e+01
-2.788373998582392943e+01,6.218339053439962782e+01,8.763041595790521399e+01
-2.766014801023670699e+01,6.219378496897998332e+01,8.764132179543879886e+01
-2.744887155965173520e+01,6.220355589788248807e+01,8.765151592480073361e+01
-2.724984483248191580e+01,6.221271322704595974e+01,8.766102006306959993e+01
-2.706296793117107669e+01,6.222126843426519827e+01,8.766985652517186622e+01
-2.688810718275051670e+01,6.222923441140414980e+01,8.767804803573859829e+01
-2.672509557092823229e+01,6.223662536616911467e+01,8.768561763721345415e+01
-2.657373325845283674e+01,6.224345673051710293e+01,8.769258861998135046e+01
-2.643378820169005294e+01,6.224974509403068623e+01,8.769898449893456416e+01
-2.630499683822981183e+01,6.225550808992340990e+01,8.770482893302194327e+01
-2.618706485927121719e+01,6.226076429408178825e+01,8.771014567121210348e+01
-2.607966806787081993e+01,6.226553315224671792e+01,8.771495854430092720e+01
-2.598245331507444433e+01,6.226983491232431334e+01,8.771929146810427369e+01
-2.589503951108479640e+01,6.227369056191482599e+01,8.772316845589197953e+01
-2.581701870839193447e+01,6.227712177141702199e+01,8.772661363809503143e+01
-2.574795725355678044e+01,6.228015084303218174e+01,8.772965128718372796e+01
-2.568739600345086771e+01,6.228281131631029410e+01,8.773229836170654039e+01
-2.563442319290169635e+01,6.228970562181349635e+01,8.773136068982677216e+01
-2.558834783468262231e+01,6.230285424217439783e+01,8.772545783887017024e+01
-2.554883425460187496e+01,6.232027974315320051e+01,8.771601918876552872e+01
-2.551547982218696120e+01,6.234051525987835163e+01,8.770411629402610743e+01
-2.548783399208985401e+01,6.236241797249290642e+01,8.769059448536133061e+01
-2.546540948388814840e+01,6.238506653527869616e+01,8.767614508051006794e+01
-2.544768976747648992e+01,6.240769816849216767e+01,8.766134953805888586e+01
-2.543413474645356587e+01,6.242966527623644168e+01,8.764670980295748848e+01
-2.542418568191693851e+01,6.245040047731061605e+01,8.763267270878414195e+01
-2.541727015429819403e+01,6.246938153315608844e+01,8.761965446305617888e+01
-2.541280806718936347e+01,6.248608546444639700e+01,8.760807278948097121e+01
-2.541022037323190119e+01,6.249991396682457889e+01,8.759839937465341109e+01
-2.540884082066643401e+01,6.251114884178704756e+01,8.759048441562356402e+01
