1.503627532424987976e+02,1.832979116532727062e+02,1.442085873763734014e+02
1.503706537670834962e+02,1.832926069005951319e+02,1.442233128846186219e+02
1.503942556087294804e+02,1.832766415797393336e+02,1.442674940291672385e+02
1.504334843722013488e+02,1.832501082648029183e+02,1.443411430541245863e+02
1.504881831677231787e+02,1.832131240919112827e+02,1.444442801706139505e+02
1.505580918853669061e+02,1.831658066400298424e+02,1.445769331894973675e+02
1.506430491925607384e+02,1.831084966196645780e+02,1.447391369547850672e+02
1.507425789881996536e+02,1.830412936752003361e+02,1.449309314747432040e+02
1.508563131216104409e+02,1.829645968105896259e+02,1.451523916680380637e+02
1.509837653286620878e+02,1.828788400381899066e+02,1.454036220719681296e+02
1.511243515862491620e+02,1.827843218582311238e+02,1.456846766633598804e+02
1.512778545978414115e+02,1.826813233790217339e+02,1.459953934874865524e+02
1.514436300373419328e+02,1.825701540244779437e+02,1.463357813096405096e+02
1.516211129078451165e+02,1.824513323985172519e+02,1.467058610615479779e+02
1.518097479027995007e+02,1.823254053875642740e+02,1.471056231388218976e+02
1.520086649037401401e+02,1.821927547466802935e+02,1.475350974279718059e+02
1.522173504030143079e+02,1.820539842478939931e+02,1.479942044668244421e+02
1.524354583660930871e+02,1.819092685795137925e+02,1.484825723354270224e+02
1.526627292723808296e+02,1.817586953473500841e+02,1.489997171679177086e+02
1.528983490868917841e+02,1.816030210429105125e+02,1.495456550864709016e+02
1.531404374906426256e+02,1.814436682565539911e+02,1.501211382847021412e+02
1.533900304240117975e+02,1.812796612488421317e+02,1.507245377261620547e+02
1.536466276399113156e+02,1.811113364235083054e+02,1.513554483759561720e+02
1.539070428998911382e+02,1.809416059350187140e+02,1.520157475609617563e+02
1.541737790800648327e+02,1.807679666264950527e+02,1.527023954108621808e+02
1.544445320635085466e+02,1.805925303091279090e+02,1.534164660257649189e+02
1.547188724156911803e+02,1.804155572638459546e+02,1.541573659038780306e+02
1.549972887467149860e+02,1.802364829263471506e+02,1.549237048667847034e+02
1.552768163360175038e+02,1.800579375400875222e+02,1.557169916239229508e+02
1.555602473113023905e+02,1.798773643016913866e+02,1.565338867351095189e+02
1.558428810961320607e+02,1.796988601165596151e+02,1.573772590132772109e+02
1.561285112763051757e+02,1.795188714064186115e+02,1.582428402697473757e+02
1.564125467495410362e+02,1.793417201388676858e+02,1.591334933225955695e+02
1.566966713297673550e+02,1.791655571293992750e+02,1.600465881585151351e+02
1.569810617316046830e+02,1.789902622407132924e+02,1.609808895487564939e+02
1.572628523113209269e+02,1.788184164215996645e+02,1.619376723059277765e+02
1.575464283880681080e+02,1.786458597235471188e+02,1.629120338204683378e+02
1.578223746250513386e+02,1.784813316109307380e+02,1.639108019248891424e+02
1.581019894842779365e+02,1.783140550727553943e+02,1.649230883937758563e+02
1.583719777902239514e+02,1.781566905968449248e+02,1.659591130063779474e+02
1.586425784200876308e+02,1.779992950209482103e+02,1.670087935147343217e+02
1.589085664350193383e+02,1.778468170940695074e+02,1.680753805736429172e+02
1.591682133360705507e+02,1.777009196403626561e+02,1.691591283373751651e+02
1.594294641181816701e+02,1.775538917276192876e+02,1.702519066331599333e+02
1.596766874633244981e+02,1.774207039335159095e+02,1.713659136384642352e+02
1.599247051540410212e+02,1.772868951069046943e+02,1.724870119962465367e+02
1.601652296173561751e+02,1.771603845043832450e+02,1.736210539941588991e+02
1.603987994076458392e+02,1.770407586622719123e+02,1.747663375788878568e+02
1.606319725462608972e+02,1.769214486744679959e+02,1.759158111512808205e+02
1.608503273410630072e+02,1.768165512580453367e+02,1.770807185330657774e+02
1.610681450082957724e+02,1.767120067952938314e+02,1.782473139921216330e+02
1.612958974542412420e+02,1.766073469998320888e+02,1.795300119725520176e+02
1.614907656525030859e+02,1.765209842952181702e+02,1.806696861345948832e+02
1.616827570117378912e+02,1.764367358575007074e+02,1.818069509131254335e+02
1.618597961102785803e+02,1.763657101090207675e+02,1.829398669064732985e+02
1.620354458096881274e+02,1.762954430836976769e+02,1.840682533587194314e+02
1.622011658122247297e+02,1.762335420478077879e+02,1.851904290509624218e+02
1.623592851232297960e+02,1.761780296753359494e+02,1.863054486374941803e+02
1.625148147915699610e+02,1.761240384926858269e+02,1.874125712879808248e+02
1.626562626863743048e+02,1.760821577887554383e+02,1.885099243179239750e+02
1.627957541779931319e+02,1.760411988701535790e+02,1.895972629544081940e+02
1.629260299560012584e+02,1.760077936638182905e+02,1.906730250333824870e+02
1.630496035638693115e+02,1.759794805572282712e+02,1.917363320073475847e+02
1.631689367892823554e+02,1.759539150561745373e+02,1.927863113189566491e+02
1.632776044745896513e+02,1.759369843047335564e+02,1.938214927712659517e+02
1.633842725895227943e+02,1.759206286018563787e+02,1.948414558094157769e+02
1.634800905173261754e+02,1.759129320093457238e+02,1.958445941233740655e+02
1.635726771116010525e+02,1.759068214524201323e+02,1.968304455017822363e+02
1.636578061093761391e+02,1.759061345580776390e+02,1.977977528923510420e+02
1.637376841701778289e+02,1.759087514234882121e+02,1.987457190106924543e+02
1.638118858724128586e+02,1.759149855444877346e+02,1.996733846803633412e+02
1.638801198019027368e+02,1.759250282312428340e+02,2.005798195701042914e+02
1.639435913395966793e+02,1.759377561710189184e+02,2.014642143675414729e+02
1.640012908642641776e+02,1.759539127863986039e+02,2.023256353051955045e+02
1.640544166108441289e+02,1.759724009557178874e+02,2.031633157512098364e+02
1.641027027655950974e+02,1.759934040734115399e+02,2.039764142196766841e+02
1.641461917650205748e+02,1.760168205755364852e+02,2.047641343808686827e+02
1.641861487512347821e+02,1.760414176532582644e+02,2.055257886544738994e+02
1.642208662752105965e+02,1.760687480087104859e+02,2.062605097010625457e+02
1.642527600097056961e+02,1.760965273947356877e+02,2.069677403558732180e+02
1.642804289470285823e+02,1.761258989286136227e+02,2.076466918804723036e+02
1.643047155687569330e+02,1.761560733314724985e+02,2.082967524600368279e+02
1.643262697013506681e+02,1.761863749498419054e+02,2.089173275901910358e+02
1.643446912500990322e+02,1.762171175560974916e+02,2.095077790547686050e+02
1.643602723365369798e+02,1.762480948549655295e+02,2.100675417090111807e+02
1.643735280102351339e+02,1.762785657439263787e+02,2.105961069718863428e+02
1.643847702275556628e+02,1.763085570205893191e+02,2.110929634715688508e+02
1.643939698563650893e+02,1.763376774773192324e+02,2.115576323923311577e+02
1.644014526592100651e+02,1.763658078529769853e+02,2.119896707590626761e+02
1.644074126782144276e+02,1.763926494066367070e+02,2.123886688880029965e+02
1.644121014197794182e+02,1.764179851349474006e+02,2.127542490843031260e+02
1.644156627464969063e+02,1.764415189316469252e+02,2.130860652713489571e+02
1.644183341687560755e+02,1.764632747181405819e+02,2.133837974253381162e+02
1.644202395635990968e+02,1.764828414860610906e+02,2.136471695989639557e+02
1.644215973356526490e+02,1.765001931233342702e+02,2.138759303570774364e+02
1.644224775540125734e+02,1.765151241252033856e+02,2.140698629694373665e+02
1.644230380090669712e+02,1.765274636110230233e+02,2.142287872581342754e+02
1.644234613827040903e+02,1.765371466320492289e+02,2.143525550280612890e+02
1.644237547595312776e+02,1.765441117453669904e+02,2.144410461664517129e+02
1.644238610806172574e+02,1.765482422044887869e+02,2.144941749225293961e+02
1.644239571666021504e+02,1.765496917134258297e+02,2.145118901704258576e+02
