1.179906679645353904e+02,-6.642890651510053601e+01,-5.940782452057830199e+01
1.180000549183951648e+02,-6.641761374516894989e+01,-5.939015319670266990e+01
1.180292115488592515e+02,-6.638422663755510200e+01,-5.933713259579619148e+01
1.180769713544035824e+02,-6.632835813468551578e+01,-5.924875000391778457e+01
1.181440960789055623e+02,-6.625056732262218873e+01,-5.912498524583606496e+01
1.182299611062884281e+02,-6.615088365410286997e+01,-5.896580986855078521e+01
1.183347336559976668e+02,-6.602977558808922254e+01,-5.877118840305160319e+01
1.184578457876437767e+02,-6.588746944350378953e+01,-5.854107884991325506e+01
1.185997266013446421e+02,-6.572479785376685868e+01,-5.827537695929132155e+01
1.187567560870066501e+02,-6.554103504987783424e+01,-5.797385576514430738e+01
1.189334780471566262e+02,-6.533889694210067489e+01,-5.763648457569343719e+01
1.191222202654013103e+02,-6.511569540721914962e+01,-5.726325984512185130e+01
1.193332512863803885e+02,-6.487691623529775597e+01,-5.685410036689401636e+01
1.195561284800254498e+02,-6.461883747814061962e+01,-5.640896584128354618e+01
1.197946103020321118e+02,-6.434442601927726457e+01,-5.592760662088318213e+01
1.200459473289631802e+02,-6.405364510652815113e+01,-5.540990206880219660e+01
1.203112152255171168e+02,-6.374797140411268970e+01,-5.485592164352300415e+01
1.205888359689352285e+02,-6.342801679185505037e+01,-5.426555711919690594e+01
1.208811554363147422e+02,-6.309598809147829712e+01,-5.363886169238073620e+01
1.211762856527732168e+02,-6.274748972332457697e+01,-5.297612947589417587e+01
1.214934167292530987e+02,-6.239262457760280256e+01,-5.227722749941034408e+01
1.218180699476232292e+02,-6.202867415407921214e+01,-5.154050172402565977e+01
1.221464884925920700e+02,-6.165296090526063466e+01,-5.076776753757798133e+01
1.224851895195608336e+02,-6.126880344300940351e+01,-4.995985850872120437e+01
1.228386955405175343e+02,-6.088141314381731917e+01,-4.911564390976499794e+01
1.231936069878510551e+02,-6.048842863029868511e+01,-4.823374368135812773e+01
1.235548849042084356e+02,-6.008818428832611858e+01,-4.731822280008749715e+01
1.239272261548646270e+02,-5.968930291161139223e+01,-4.636567134313785488e+01
1.242957552792194207e+02,-5.928464671301492217e+01,-4.537780846460879047e+01
1.246820728610242099e+02,-5.888180223541935021e+01,-4.435748570054233397e+01
1.250618769310437131e+02,-5.848091657058155590e+01,-4.329820749168462868e+01
1.254460016978047889e+02,-5.807438505873093959e+01,-4.221040367020705730e+01
1.258309445394285149e+02,-5.767910729593686625e+01,-4.108224043302857353e+01
1.262238110464695922e+02,-5.728372715007280647e+01,-3.992572204938508662e+01
1.266117726415623679e+02,-5.689781993473627608e+01,-3.873136800039339533e+01
1.270081419699609597e+02,-5.651062426096942914e+01,-3.751280625717891581e+01
1.273982977298308157e+02,-5.613929822429370375e+01,-3.625456346909678018e+01
1.277944748300204196e+02,-5.576629897341211972e+01,-3.497486845264221245e+01
1.281848264587091819e+02,-5.541510280282835055e+01,-3.365462791846591273e+01
1.285791241526113140e+02,-5.505985914330962316e+01,-3.231732201904266333e+01
1.289672175136992109e+02,-5.473411107995467262e+01,-3.093717701550902532e+01
1.293576755960621369e+02,-5.440329815645759481e+01,-2.954361454789672692e+01
1.297421715962237840e+02,-5.410430895107662508e+01,-2.810906455978949481e+01
1.301265281052192222e+02,-5.380437243743564579e+01,-2.666080914929970902e+01
1.305064283447770208e+02,-5.353224064643134739e+01,-2.517846682599777353e+01
1.308829861531633014e+02,-5.326659456782967794e+01,-2.367956582112642394e+01
1.312574025165795888e+02,-5.302278330986306543e+01,-2.215519561996201503e+01
1.316256487341098591e+02,-5.279324896962793900e+01,-2.061131408261983111e+01
1.319930817020728853e+02,-5.257679926227616818e+01,-1.905230754996730980e+01
1.323533080286280779e+02,-5.237917781553007046e+01,-1.747377859522951837e+01
1.327130117766088233e+02,-5.218819924363651097e+01,-1.588849068250425844e+01
1.330849445027882894e+02,-5.201010612801439237e+01,-1.419858737702645612e+01
1.334145900307527484e+02,-5.185362600154989110e+01,-1.269491026687432011e+01
1.337336732457441428e+02,-5.172226280455903691e+01,-1.119652623382777179e+01
1.340511372325316017e+02,-5.159192685974402082e+01,-9.702658597190431777e+00
1.343589842325072254e+02,-5.148017042415096256e+01,-8.216440993021294048e+00
1.346635882131147639e+02,-5.137577229588462302e+01,-6.738201725331421699e+00
1.349598548335086434e+02,-5.128191673299291864e+01,-5.269815003488176330e+00
1.352513474228058499e+02,-5.120148641805661072e+01,-3.812815663615799266e+00
1.355352834101667270e+02,-5.112556068377259066e+01,-2.368013590220345854e+00
1.358136351516323259e+02,-5.106736956401601191e+01,-9.378025025286675920e-01
1.360864114372220683e+02,-5.101008829970415803e+01,4.777604191232949216e-01
1.363498835290039608e+02,-5.097223131164408017e+01,1.875685411459046659e+00
1.366107427832480141e+02,-5.093650547446173960e+01,3.256219411577944811e+00
1.368590153469515087e+02,-5.091520551139507234e+01,4.616678949967990775e+00
1.371054037943539470e+02,-5.089904799138629699e+01,5.956850537305072635e+00
1.373400140602708461e+02,-5.089478446427309422e+01,7.274532761619534327e+00
1.375715520701575940e+02,-5.089665655502805208e+01,8.569201060299395323e+00
1.377919412675202295e+02,-5.090908678012791455e+01,9.838946929406652941e+00
1.380085836795858540e+02,-5.092732590780862978e+01,1.108316475588939376e+01
1.382141616734342904e+02,-5.095577106282605229e+01,1.230002294037355881e+01
1.384156630878797216e+02,-5.098853589416667376e+01,1.348904224802840979e+01
1.386057725407738985e+02,-5.103198268573294172e+01,1.464828739907254196e+01
1.387901072852552318e+02,-5.107765911516170831e+01,1.577749016719621800e+01
1.389660734041351873e+02,-5.113425882819554147e+01,1.687475438676762352e+01
1.391344599793920906e+02,-5.119350573708356933e+01,1.793968624112590859e+01
1.392955338269412664e+02,-5.125831568561926588e+01,1.897101315578249014e+01
1.394482074780638641e+02,-5.132830991122494169e+01,1.996770949358006320e+01
1.395943134186221357e+02,-5.140035716604251803e+01,2.092910594009043734e+01
1.397325020334246801e+02,-5.147702606310410545e+01,2.185400066850970191e+01
1.398631846330717963e+02,-5.155610823254144037e+01,2.274167027102694760e+01
1.399867687800820306e+02,-5.163610546428929382e+01,2.359137090819386628e+01
1.401035132493226456e+02,-5.171712051578894886e+01,2.440226306557473990e+01
1.402128089533107982e+02,-5.179986997542356164e+01,2.517346553429475620e+01
1.403147344149828939e+02,-5.188195933516730207e+01,2.590440810739807276e+01
1.404096720531271387e+02,-5.196298828697835859e+01,2.659441200419664497e+01
1.404975837630448154e+02,-5.204246378196279466e+01,2.724283115791892840e+01
1.405785963826301384e+02,-5.211980848949319522e+01,2.784907297674280358e+01
1.406527710067024373e+02,-5.219435290919189185e+01,2.841259142602486776e+01
1.407202210073040760e+02,-5.226545010332931440e+01,2.893288266701435063e+01
1.407807894796485471e+02,-5.233251963446938504e+01,2.940947067265749837e+01
1.408352410130719932e+02,-5.239524114073245897e+01,2.984193457554307471e+01
1.408833342126057744e+02,-5.245275394085607701e+01,3.022990454810142680e+01
1.409252300930808701e+02,-5.250474034191367423e+01,3.057302587490996615e+01
1.409611913154824094e+02,-5.255077856690847682e+01,3.087100021173495890e+01
1.409914095564745082e+02,-5.259047151290938871e+01,3.112356954613049353e+01
1.410157506406532377e+02,-5.262334683081515863e+01,3.133051541314408794e+01
1.410347657304863560e+02,-5.264930954205357949e+01,3.149165894498082352e+01
1.410482806390641599e+02,-5.266801579999945204e+01,3.160686093901622584e+01
1.410563391493240033e+02,-5.267929446826431672e+01,3.167602188334591773e+01
1.410588922441916111e+02,-5.268301193384859005e+01,3.169908181971524286e+01
