5.424185165730383318e+01,-1.240137275208470697e+02,1.426023747319368624e+02
5.423282656461302054e+01,-1.240217660470498657e+02,1.426155413483575103e+02
5.420586170767155920e+01,-1.240460517371274847e+02,1.426550622599381200e+02
5.416106420954897516e+01,-1.240864640270450820e+02,1.427209860760214895e+02
5.409864915030787103e+01,-1.241429020511563550e+02,1.428133969128579395e+02
5.401888879563240664e+01,-1.242151417555010511e+02,1.429324111231283325e+02
5.392222772546823251e+01,-1.243031928102486745e+02,1.430781766185636741e+02
5.380907343879385962e+01,-1.244066595292654966e+02,1.432508717658807313e+02
5.368002150505318326e+01,-1.245254400846067426e+02,1.434507037493271469e+02
5.353566857605571983e+01,-1.246592243780110039e+02,1.436778904715112901e+02
5.337653579869224529e+01,-1.248076015567741734e+02,1.439325748372503710e+02
5.320352832173625757e+01,-1.249704074726130187e+02,1.442150917725051045e+02
5.301699986404423726e+01,-1.251472354039114947e+02,1.445253708302186908e+02
5.281774775964582602e+01,-1.253377851568305914e+02,1.448636151846010591e+02
5.260651453851587434e+01,-1.255415493032075176e+02,1.452299967748167830e+02
5.238414948224193779e+01,-1.257583724568051338e+02,1.456246411202081390e+02
5.215122744939882438e+01,-1.259876519198778198e+02,1.460475345207343025e+02
5.190822577553995387e+01,-1.262291813055405498e+02,1.464984497867730795e+02
5.165573787698920682e+01,-1.264824930136915953e+02,1.469772755852133912e+02
5.139619982841367829e+01,-1.267469489914586944e+02,1.474853215839626444e+02
5.112891069702147462e+01,-1.270222987762702331e+02,1.480213508771090289e+02
5.085361275149212190e+01,-1.273083987033124345e+02,1.485844044614585187e+02
5.057401186111540170e+01,-1.276042669387532982e+02,1.491767426991989396e+02
5.028856095665003068e+01,-1.279098107537318327e+02,1.497963315289969159e+02
4.999741432808230002e+01,-1.282248071747082463e+02,1.504424431248111773e+02
4.970511275299286069e+01,-1.285481025424226686e+02,1.511179176297818287e+02
4.940586711768126804e+01,-1.288802839196106333e+02,1.518171941947473158e+02
4.910963838799395376e+01,-1.292196712797606324e+02,1.525473417725713716e+02
4.880637524677566574e+01,-1.295672341969202250e+02,1.532993707995524915e+02
4.850811264692274705e+01,-1.299211317876686849e+02,1.540819207774937638e+02
4.820306815893837893e+01,-1.302824846011876332e+02,1.548845803717398155e+02
4.790627615000430950e+01,-1.306490783716285193e+02,1.557183264126672384e+02
4.760321248553705686e+01,-1.310224195712818300e+02,1.565704963071348459e+02
4.731035447274692274e+01,-1.314001915506132434e+02,1.574531462885838664e+02
4.701264764106384320e+01,-1.317837458515288347e+02,1.583531994773865677e+02
4.672243994337817696e+01,-1.321713805365016867e+02,1.592793427673207418e+02
4.643412750342704243e+01,-1.325634709086077123e+02,1.602259511147443334e+02
4.614798581420311052e+01,-1.329595299270561100e+02,1.611921054697981504e+02
4.587211490051892326e+01,-1.333584520059391139e+02,1.621830235469192587e+02
4.559229455073766957e+01,-1.337613405823295238e+02,1.631862357899578626e+02
4.532994420024301974e+01,-1.341656964745776293e+02,1.642174889146061787e+02
4.506590811370237759e+01,-1.345730748569727098e+02,1.652603855908764672e+02
4.481056856197145066e+01,-1.349822447662146203e+02,1.663218631964156486e+02
4.456477829855967343e+01,-1.353927496655823290e+02,1.674013455586109558e+02
4.431744938360797903e+01,-1.358052152333278855e+02,1.684888193402777574e+02
4.409105149737551699e+01,-1.362173485585446144e+02,1.696007234114883602e+02
4.386383129230947020e+01,-1.366307030651050241e+02,1.707186171065910116e+02
4.364709435169309870e+01,-1.370440502609165208e+02,1.718500981247694881e+02
4.344153640859337884e+01,-1.374569328147827605e+02,1.729944305105429976e+02
4.323563907244452054e+01,-1.378698894516885503e+02,1.741412592267369348e+02
4.305182168603090531e+01,-1.382809288294372436e+02,1.753068840283041823e+02
4.285281488610561951e+01,-1.387270169269562246e+02,1.765746256586822938e+02
4.268937965295595660e+01,-1.391190781638883323e+02,1.777023072843415434e+02
4.253716314283727229e+01,-1.395062818003233360e+02,1.788273104887755949e+02
4.238545941839453945e+01,-1.398918757212263984e+02,1.799489699837175749e+02
4.225691057847122778e+01,-1.402684172062477046e+02,1.810652624184927504e+02
4.212992877494354360e+01,-1.406423846352359419e+02,1.821759712316436719e+02
4.201247566635950648e+01,-1.410110849317746329e+02,1.832796826299606323e+02
4.190882840291415334e+01,-1.413728079633715140e+02,1.843751373151845030e+02
4.180607277727283133e+01,-1.417313261736583456e+02,1.854617850864312061e+02
4.172217169849356821e+01,-1.420808295954037419e+02,1.865378275059984219e+02
4.164188623189406968e+01,-1.424256877480988521e+02,1.876028258193331908e+02
4.156982280784218631e+01,-1.427643197500063366e+02,1.886555466626150519e+02
4.151011789978609556e+01,-1.430950922142216655e+02,1.896947851381649457e+02
4.145137530859759067e+01,-1.434211672833273212e+02,1.907199811671492284e+02
4.141032152955227730e+01,-1.437372578261467879e+02,1.917294468528760945e+02
4.137067421287005686e+01,-1.440480273040349743e+02,1.927228494130723391e+02
4.134159286628641183e+01,-1.443503546368274897e+02,1.936988373181062286e+02
4.131887884144602907e+01,-1.446453278346808133e+02,1.946566203698100423e+02
4.130228251457132416e+01,-1.449327171830711052e+02,1.955952641301072958e+02
4.129461163596236162e+01,-1.452114296419505592e+02,1.965137292723562723e+02
4.129045538137103222e+01,-1.454828612687711882e+02,1.974113298664626370e+02
4.129584728945367544e+01,-1.457448907593628178e+02,1.982869347697021851e+02
4.130362197297685611e+01,-1.459994074654215410e+02,1.991399705171077983e+02
4.132001813768498977e+01,-1.462443128082806538e+02,1.999693419904816096e+02
4.133879964240453830e+01,-1.464812594324457109e+02,2.007744835405161439e+02
4.136417056785204949e+01,-1.467088143365116935e+02,2.015544299660638785e+02
4.139263863541585664e+01,-1.469277178859152286e+02,2.023085514043866908e+02
4.142489069321878503e+01,-1.471375051237628497e+02,2.030360741838224499e+02
4.146131876979052322e+01,-1.473378812676568543e+02,2.037362635879540278e+02
4.149906943247857072e+01,-1.475294303172302364e+02,2.044085422344705307e+02
4.154091301340134379e+01,-1.477112940260841185e+02,2.050521347581212410e+02
4.158415190951959062e+01,-1.478839534640170257e+02,2.056665122142594271e+02
4.162824369498755317e+01,-1.480473760450264820e+02,2.062510884299024099e+02
4.167375379979328187e+01,-1.482013464355805183e+02,2.068052633220861196e+02
4.172000760614498915e+01,-1.483457002143458112e+02,2.073285131324097676e+02
4.176599673458203199e+01,-1.484806743449007911e+02,2.078203616520368655e+02
4.181141192708715693e+01,-1.486063103209420717e+02,2.082803353475689789e+02
4.185580786061738223e+01,-1.487224470430299164e+02,2.087079946509294359e+02
4.189874517935671605e+01,-1.488292018315937923e+02,2.091029349344556181e+02
4.193970460517180499e+01,-1.489264989316696699e+02,2.094647844380113213e+02
4.197826342516777487e+01,-1.490144829154104116e+02,2.097932030937246282e+02
4.201411671084159138e+01,-1.490929871646748666e+02,2.100878757055852191e+02
4.204670023717181948e+01,-1.491622312436245750e+02,2.103485346005350038e+02
4.207568272410394172e+01,-1.492221815150026032e+02,2.105749340218272607e+02
4.210076932460550125e+01,-1.492729114468981493e+02,2.107668619833178809e+02
4.212164576310825481e+01,-1.493143115058661294e+02,2.109241390700812815e+02
4.213811587580018880e+01,-1.493464867379400118e+02,2.110466183161773586e+02
4.215002862730542432e+01,-1.493695263926922792e+02,2.111341852891525832e+02
4.215720776767083322e+01,-1.493832896429613299e+02,2.111867582363661029e+02
4.215962164934988010e+01,-1.493879026274429407e+02,2.112042878623604167e+02
