7.640941912477572373e+01,-2.028795984964005186e+02,1.444856758083799946e+02
7.640124584831427512e+01,-2.028842421024814371e+02,1.445002295898007389e+02
7.637681812134024995e+01,-2.028982955282636453e+02,1.445439011273849133e+02
7.633624519638556194e+01,-2.029216713974512061e+02,1.446167100449319776e+02
7.627973520491693193e+01,-2.029542959853987441e+02,1.447186906430018780e+02
7.620755901032978841e+01,-2.029960074102763485e+02,1.448498902291103150e+02
7.612010336712872061e+01,-2.030467231456599109e+02,1.450103685091535795e+02
7.601778285243592848e+01,-2.031061742176894143e+02,1.452001967733294521e+02
7.590112329434391825e+01,-2.031741703394195895e+02,1.454194565257270995e+02
7.577075017105306642e+01,-2.032505302917930123e+02,1.456682460346008554e+02
7.562716768106935206e+01,-2.033349519723436458e+02,1.459465781354341800e+02
7.547079540947105158e+01,-2.034271998888008852e+02,1.462543666413575920e+02
7.530232757840283853e+01,-2.035271101381414667e+02,1.465916317476554127e+02
7.512253596616601214e+01,-2.036342886180999017e+02,1.469584436283732884e+02
7.493183020857968302e+01,-2.037485908675508313e+02,1.473545813839269840e+02
7.473086706970380533e+01,-2.038695400816933443e+02,1.477799912393662680e+02
7.452083974867173310e+01,-2.039968536976309395e+02,1.482348547622187880e+02
7.430213968258195223e+01,-2.041303757853537775e+02,1.487188348596479557e+02
7.407492721708581485e+01,-2.042697220527433899e+02,1.492314696763838526e+02
7.383970627795009989e+01,-2.044148754902344081e+02,1.497723916758420160e+02
7.359811320349685104e+01,-2.045649890484397133e+02,1.503420033628805754e+02
7.335104374170239794e+01,-2.047199908262799966e+02,1.509401054064111634e+02
7.309727068962689600e+01,-2.048799172321521098e+02,1.515652294140219851e+02
7.283983492954426708e+01,-2.050438088632812139e+02,1.522185071071804998e+02
7.257811419116164586e+01,-2.052117853505075402e+02,1.528987391748426035e+02
7.231181381066062386e+01,-2.053838321399542792e+02,1.536049092804345264e+02
7.204508707362612085e+01,-2.055586136867924267e+02,1.543387668766265222e+02
7.177285985533632129e+01,-2.057374387651489656e+02,1.550962533110989909e+02
7.150383642405819273e+01,-2.059177432549270179e+02,1.558818990186890403e+02
7.122891672935087115e+01,-2.061019568408550811e+02,1.566890764690952835e+02
7.095978239856226821e+01,-2.062868392279330578e+02,1.575240959937425487e+02
7.068506236682479482e+01,-2.064753591849934082e+02,1.583788790958357140e+02
7.041802503948061087e+01,-2.066636671637701284e+02,1.592607105828019485e+02
7.014756440589060560e+01,-2.068547550472802072e+02,1.601616141334700387e+02
6.988397730612875591e+01,-2.070457746266993411e+02,1.610869417238509413e+02
6.961919597442926033e+01,-2.072386771311262237e+02,1.620306102131361570e+02
6.935974732898198170e+01,-2.074316832638818937e+02,1.629955732646925526e+02
6.910489071007705775e+01,-2.076248928619073979e+02,1.639802530484349745e+02
6.885036011983878268e+01,-2.078192893847563596e+02,1.649808708106230313e+02
6.860814584945411809e+01,-2.080116523586197559e+02,1.660037275286529734e+02
6.836298055503917226e+01,-2.082058455173419418e+02,1.670381755576447063e+02
6.813206062202000624e+01,-2.083972484190634304e+02,1.680937308443994027e+02
6.790277690501864072e+01,-2.085890992773345261e+02,1.691613594292738014e+02
6.767960496761931211e+01,-2.087801074107246677e+02,1.702426467226752607e+02
6.746813294262850036e+01,-2.089687137512053994e+02,1.713398556110157358e+02
6.725534262806624497e+01,-2.091581167282029980e+02,1.724436957391687031e+02
6.706122799332487716e+01,-2.093431632593215568e+02,1.735653357116567577e+02
6.686866488467039460e+01,-2.095281557822597449e+02,1.746929138847425236e+02
6.668440500761235512e+01,-2.097111539513384173e+02,1.758294035887250857e+02
6.651269204436168536e+01,-2.098910334411191343e+02,1.769761858332510656e+02
6.634086452594885941e+01,-2.100708616701982407e+02,1.781241741524648603e+02
6.617581842382820412e+01,-2.102609603191947656e+02,1.793875420063646686e+02
6.603114829008607956e+01,-2.104290673919587107e+02,1.805101306228014835e+02
6.589742093730545491e+01,-2.105933528034734366e+02,1.816299715853185432e+02
6.577523468451137489e+01,-2.107533944356279108e+02,1.827459349351400988e+02
6.565352261752539675e+01,-2.109126658044147575e+02,1.838574762239568088e+02
6.555202559833108467e+01,-2.110647932516926062e+02,1.849625240513045412e+02
6.545258493352508822e+01,-2.112154686186749473e+02,1.860608954961870438e+02
6.536172402421918548e+01,-2.113625448800756601e+02,1.871511880352642834e+02
6.528242547097285353e+01,-2.115049971297978288e+02,1.882321825329806302e+02
6.520396139209562136e+01,-2.116460582874488807e+02,1.893033481251932528e+02
6.514277265582616394e+01,-2.117804390351846564e+02,1.903628154964814883e+02
6.508345968613235755e+01,-2.119128815459721125e+02,1.914103065600874061e+02
6.503289757898619428e+01,-2.120411224835123960e+02,1.924444494073874239e+02
6.499032122980520398e+01,-2.121653474112511333e+02,1.934642647235456252e+02
6.495116727587539174e+01,-2.122868318296056884e+02,1.944689739104876480e+02
6.492351960400320365e+01,-2.124029689744412224e+02,1.954571867603255555e+02
6.489670050126372303e+01,-2.125169908501590044e+02,1.964284590510221733e+02
6.488135202650050815e+01,-2.126255190384810874e+02,1.973813064251669118e+02
6.486754238246608395e+01,-2.127314633446921448e+02,1.983152806066921130e+02
6.486168331989502178e+01,-2.128328624174776280e+02,1.992291445836810340e+02
6.485875287262207678e+01,-2.129310362409387380e+02,2.001222436691153064e+02
6.486191317560042080e+01,-2.130250469986241058e+02,2.009935419073437970e+02
6.486801545214953535e+01,-2.131156645159526590e+02,2.018423337090484608e+02
6.487927359767495261e+01,-2.132021481462548707e+02,2.026676719207517863e+02
6.489258673819880130e+01,-2.132853520787184323e+02,2.034688949200731827e+02
6.491079919733073211e+01,-2.133644094594546630e+02,2.042450718344449001e+02
6.492995246911014817e+01,-2.134403009764817796e+02,2.049956296147188652e+02
6.495341188499136820e+01,-2.135120276591910908e+02,2.057196616283641220e+02
6.497796232254188453e+01,-2.135804999479826733e+02,2.064166114438461648e+02
6.500412325923625190e+01,-2.136454489633205469e+02,2.070857638258616760e+02
6.503230752654701519e+01,-2.137066137363679843e+02,2.077264357678019735e+02
6.506104588467889016e+01,-2.137645919137312660e+02,2.083380695433120593e+02
6.509022054671972057e+01,-2.138190931850615186e+02,2.089200621603647789e+02
6.512035102766544981e+01,-2.138699968294159817e+02,2.094718135916534152e+02
6.515034235377575556e+01,-2.139176582585643871e+02,2.099928332312154282e+02
6.517990463272037971e+01,-2.139619839709813505e+02,2.104826179375383788e+02
6.520888385807074883e+01,-2.140031131807004101e+02,2.109406926508437436e+02
6.523696611431718395e+01,-2.140409306060359427e+02,2.113666170623521054e+02
6.526389206693670531e+01,-2.140755673804548564e+02,2.117599837313124738e+02
6.528939055206247133e+01,-2.141070759037630182e+02,2.121204167336163948e+02
6.531321942103063805e+01,-2.141354772303515404e+02,2.124475708996582455e+02
6.533520655924753839e+01,-2.141607427564171360e+02,2.127411300509424166e+02
6.535506729362883505e+01,-2.141829612010957362e+02,2.130008179851230352e+02
6.537263726190441560e+01,-2.142022161995433294e+02,2.132263864848842161e+02
6.538773375698262669e+01,-2.142184060777667582e+02,2.134176191783921865e+02
6.540027705891452570e+01,-2.142316872004304003e+02,2.135743327826009477e+02
6.541012597840084197e+01,-2.142419577625078944e+02,2.136963771427464565e+02
6.541722132710501114e+01,-2.142492909329010331e+02,2.137836352622126412e+02
6.542150308009428272e+01,-2.142536784193356709e+02,2.138360233999502498e+02
6.542294990662563237e+01,-2.142551850047050550e+02,2.138534916366486982e+02
