-1.324343367170954444e+01,-2.434813243698744714e+02,1.440680487893114332e+02
-1.325350071917375772e+01,-2.434813389771207710e+02,1.440825022714535066e+02
-1.328369432704931974e+01,-2.434816965572826177e+02,1.441258691433736772e+02
-1.333388334993749424e+01,-2.434821153300121352e+02,1.441981552484476765e+02
-1.340391747945844436e+01,-2.434827950442330859e+02,1.442993717756007186e+02
-1.349355112411732804e+01,-2.434836740390083776e+02,1.444295340482944994e+02
-1.360247417161100003e+01,-2.434847128626024926e+02,1.445886610043112910e+02
-1.373032508736306312e+01,-2.434859609453992562e+02,1.447767712562030624e+02
-1.387653746790945064e+01,-2.434872906654092617e+02,1.449939678943722470e+02
-1.404041552467420750e+01,-2.434888962633089022e+02,1.452404231717597156e+02
-1.422127480439352532e+01,-2.434907014174945914e+02,1.455162419737467303e+02
-1.441883110273561286e+01,-2.434926782457588956e+02,1.458212226187030467e+02
-1.463223502510870411e+01,-2.434948741821033593e+02,1.461555098382930282e+02
-1.486068482115529221e+01,-2.434973220729841614e+02,1.465191757414867197e+02
-1.510340203704517670e+01,-2.434998655037250614e+02,1.469122243053852230e+02
-1.535930260068494135e+01,-2.435027081992889464e+02,1.473348524127225403e+02
-1.562754177614357509e+01,-2.435058557310572667e+02,1.477870435888700058e+02
-1.590775514996359874e+01,-2.435092023159086523e+02,1.482684123741003077e+02
-1.619964205173329930e+01,-2.435126993038316527e+02,1.487784976133633563e+02
-1.650185211032981769e+01,-2.435164940872887485e+02,1.493175231152846720e+02
-1.681179447254353221e+01,-2.435206607082052130e+02,1.498865076243023395e+02
-1.713137746690554053e+01,-2.435250709983741615e+02,1.504833895481550599e+02
-1.745957129593789503e+01,-2.435296521804666554e+02,1.511080567588392398e+02
-1.779169901874739423e+01,-2.435348140335833591e+02,1.517628547749072823e+02
-1.813191996959015384e+01,-2.435401816220746412e+02,1.524440886693629409e+02
-1.847622418444257875e+01,-2.435459728620575106e+02,1.531535769881490978e+02
-1.882495714266874742e+01,-2.435521876958883922e+02,1.538901582706680813e+02
-1.917790411514353721e+01,-2.435586977370121247e+02,1.546530096413349895e+02
-1.953197581242136494e+01,-2.435658897787695025e+02,1.554432519029315927e+02
-1.988990355600537185e+01,-2.435733084325231914e+02,1.562579982656997970e+02
-2.024655974670949377e+01,-2.435815315545460180e+02,1.570997010625531516e+02
-2.060581001809896051e+01,-2.435901187548477651e+02,1.579646582290090464e+02
-2.096284553000050010e+01,-2.435994287257662450e+02,1.588550412793892406e+02
-2.131801763065992361e+01,-2.436094867543423845e+02,1.597694994470761003e+02
-2.167454170248792167e+01,-2.436198583182584230e+02,1.607046984743413418e+02
-2.202502803603862347e+01,-2.436312947634307591e+02,1.616645078031012588e+02
-2.237929477713878512e+01,-2.436426651125232468e+02,1.626410564352423478e+02
-2.272036774814110771e+01,-2.436560082197281645e+02,1.636447190411354597e+02
-2.306637311476122321e+01,-2.436690129872390571e+02,1.646619104022474289e+02
-2.339992209298924308e+01,-2.436837646213081143e+02,1.657032528364906909e+02
-2.373230381628437868e+01,-2.436989659276573263e+02,1.667598046001154160e+02
-2.405977072093416069e+01,-2.437148590283922829e+02,1.678328431039860789e+02
-2.437622591128948812e+01,-2.437322873198015714e+02,1.689252570555299258e+02
-2.469513476316438627e+01,-2.437494841555692631e+02,1.700265678228885520e+02
-2.499521040398111893e+01,-2.437692095926330467e+02,1.711500048065719000e+02
-2.529495519179649676e+01,-2.437889623442707148e+02,1.722816266651150841e+02
-2.558604798931075308e+01,-2.438097523010520149e+02,1.734257924269539330e+02
-2.586579415874065191e+01,-2.438320658801167724e+02,1.745830293480109106e+02
-2.614611703320666436e+01,-2.438541832942972292e+02,1.757438614286300833e+02
-2.640521797125801484e+01,-2.438790414500557802e+02,1.769218425057557909e+02
-2.666314008209146991e+01,-2.439038309599610841e+02,1.781019461096606165e+02
-2.693122384825187510e+01,-2.439323096327787539e+02,1.793948267699518624e+02
-2.715783113596918241e+01,-2.439587026402483048e+02,1.805439847426292204e+02
-2.738198497640683726e+01,-2.439850119240848301e+02,1.816907804233400441e+02
-2.758384384767966679e+01,-2.440134572051508712e+02,1.828331592757920134e+02
-2.778379104971158853e+01,-2.440417793464177691e+02,1.839709613417872731e+02
-2.797136900099980750e+01,-2.440710709681845003e+02,1.851025814421076348e+02
-2.814699718439964116e+01,-2.441013066116078107e+02,1.862269308788898741e+02
-2.832049861885171893e+01,-2.441312933779734351e+02,1.873433703059531581e+02
-2.847290668151822146e+01,-2.441631548783610413e+02,1.884499138985675586e+02
-2.862278785728314645e+01,-2.441947767708992956e+02,1.895463496631985265e+02
-2.876099676147817163e+01,-2.442272270674820049e+02,1.906311720168795887e+02
-2.888892294868588451e+01,-2.442602059139749713e+02,1.917033825901389719e+02
-2.901225706247062419e+01,-2.442930739327960339e+02,1.927621965444552927e+02
-2.911968496938910889e+01,-2.443271252108422686e+02,1.938060422904960092e+02
-2.922483360687767728e+01,-2.443607171404909479e+02,1.948345357901249599e+02
-2.931580115662423225e+01,-2.443951547109320757e+02,1.958461071679828649e+02
-2.940196990064058014e+01,-2.444294305608619027e+02,1.968402031057312342e+02
-2.947877483134392307e+01,-2.444639233628853106e+02,1.978156323150583376e+02
-2.954803640449973656e+01,-2.444984645787178863e+02,1.987715209499980062e+02
-2.961057350593000237e+01,-2.445328267392122257e+02,1.997069678414199529e+02
-2.966472411113308283e+01,-2.445672811525373902e+02,2.006209739427648628e+02
-2.971347003075839055e+01,-2.446013774986022042e+02,2.015127803431811344e+02
-2.975435525116325408e+01,-2.446353787055302860e+02,2.023813935712379077e+02
-2.979015591410572483e+01,-2.446688908865001508e+02,2.032260890739676711e+02
-2.981960296733540261e+01,-2.447020850394976605e+02,2.040459748991361266e+02
-2.984366051451283397e+01,-2.447347898760108933e+02,2.048402887544379212e+02
-2.986344963489110071e+01,-2.447668604498706202e+02,2.056083005070022978e+02
-2.987721405299624422e+01,-2.447984075518486691e+02,2.063491708040591561e+02
-2.988816932025508422e+01,-2.448291083134940607e+02,2.070623200062532590e+02
-2.989409645407294391e+01,-2.448590916247419784e+02,2.077469409109314995e+02
-2.989676956239751604e+01,-2.448881205782080315e+02,2.084024416224576441e+02
-2.989696028754673662e+01,-2.449161662615290425e+02,2.090282112295206502e+02
-2.989393856042140385e+01,-2.449432368838296838e+02,2.096235980740282230e+02
-2.988843316918103454e+01,-2.449692651219411346e+02,2.101880485139916743e+02
-2.988121710092615402e+01,-2.449940478347727435e+02,2.107210420467970380e+02
-2.987250279149758114e+01,-2.450175575598292710e+02,2.112220622297001569e+02
-2.986256311202328106e+01,-2.450398293110978898e+02,2.116906266149240992e+02
-2.985173026489320947e+01,-2.450606897659987453e+02,2.121262885097526123e+02
-2.984036888201992355e+01,-2.450800935108220528e+02,2.125286345404562667e+02
-2.982883841135537040e+01,-2.450980542186735818e+02,2.128972836651726368e+02
-2.981745526137127911e+01,-2.451144898386742170e+02,2.132318865631837923e+02
-2.980640476515620207e+01,-2.451292646520557810e+02,2.135321216973713092e+02
-2.979604827860689653e+01,-2.451424689438246958e+02,2.137977085478485719e+02
-2.978655875221788207e+01,-2.451539578470407434e+02,2.140283932197756371e+02
-2.977819807113142048e+01,-2.451637942135601804e+02,2.142239594293542098e+02
-2.977112048751993711e+01,-2.451718411872009256e+02,2.143842215832213469e+02
-2.976546853189470809e+01,-2.451781085282512151e+02,2.145090277353008617e+02
-2.976135698136905461e+01,-2.451826267821188310e+02,2.145982596128316970e+02
-2.975885111538276462e+01,-2.451853054374593626e+02,2.146518324204957651e+02
-2.975800844703933024e+01,-2.451861932224148859e+02,2.146696955955537760e+02
